start       flush       read        convert		parse       total
0.000802	0.043747	0.002734	0.000482	0.001943	0.049797
0.000068	0.001738	0.029582	0.000128	0.001425	0.033006
0.000099	0.001782	0.027476	0.000092	0.000923	0.030425
0.000062	0.001399	0.011103	0.000283	0.001554	0.014481
0.000598	0.002137	0.002818	0.000869	0.012219	0.019371
0.000033	0.001435	0.001223	0.000108	0.001243	0.004102
0.000026	0.001378	0.016007	0.000179	0.023304	0.040956
0.000323	0.001476	0.011551	0.000130	0.000463	0.013969
0.000032	0.009252	0.001338	0.000099	0.000458	0.011189
0.000022	0.001393	0.009045	0.000120	0.000618	0.011199
0.000010	0.001349	0.005721	0.000106	0.000547	0.007773
0.000020	0.001489	0.001761	0.000096	0.000473	0.003854
0.000022	0.001370	0.009076	0.000105	0.000421	0.011020
0.000028	0.001348	0.007159	0.000100	0.000430	0.009103
0.000036	0.002005	0.007046	0.000176	0.000352	0.009616
0.000029	0.001292	0.004797	0.000100	0.003235	0.009485
0.000031	0.001784	0.017063	0.000102	0.000397	0.019379
0.000023	0.001367	0.017140	0.000108	0.000742	0.019413
0.000007	0.001480	0.022982	0.000108	0.000458	0.025062
0.000009	0.001417	0.002117	0.000092	0.000408	0.004099
0.000030	0.001336	0.017284	0.000143	0.000360	0.019168
0.000029	0.001302	0.008568	0.000190	0.000388	0.010502
0.000091	0.001773	0.016525	0.000156	0.003878	0.022486
0.000039	0.001449	0.001318	0.000088	0.000398	0.003302
0.000033	0.001292	0.012194	0.000094	0.002071	0.015696
0.000042	0.001245	0.005327	0.000259	0.000437	0.007315
0.000034	0.004106	0.001410	0.000181	0.000432	0.006179
0.000038	0.001353	0.010879	0.000088	0.000368	0.012720
0.000030	0.001466	0.028848	0.000103	0.000464	0.030927
0.000043	0.001387	0.005912	0.000099	0.000449	0.007873
0.000009	0.001452	0.017629	0.000117	0.000905	0.020131
0.000007	0.001335	0.007707	0.000095	0.000347	0.009504
0.000009	0.001466	0.008009	0.000095	0.000525	0.010122
0.000008	0.001464	0.001362	0.000098	0.000871	0.003821
0.000007	0.001421	0.007295	0.000103	0.003658	0.012498
0.000009	0.002124	0.009193	0.000116	0.000412	0.011868
0.000013	0.021005	0.001541	0.000176	0.000751	0.023499
0.000009	0.001430	0.005155	0.000114	0.000614	0.007354
0.000008	0.001300	0.010730	0.000111	0.000359	0.012524
0.000008	0.001278	0.014091	0.000242	0.000366	0.015998
0.000009	0.001341	0.001274	0.000092	0.000398	0.003125
0.000009	0.001442	0.006856	0.000104	0.000419	0.008843
0.000008	0.001438	0.007201	0.000102	0.000573	0.009335
0.000007	0.001275	0.007295	0.000068	0.000630	0.009285
0.000005	0.001274	0.010204	0.000074	0.000293	0.011860
0.000009	0.001360	0.001100	0.000062	0.000244	0.002784
0.000008	0.001319	0.009154	0.000103	0.001560	0.012156
0.000009	0.001335	0.001716	0.000089	0.000671	0.003892
0.000006	0.001383	0.006928	0.000095	0.000469	0.008902
0.000006	0.001349	0.006774	0.000096	0.000517	0.008759
0.000006	0.001239	0.001363	0.000095	0.002400	0.005146
0.000007	0.001418	0.005272	0.000095	0.000478	0.007285
0.000007	0.024725	0.001460	0.000087	0.000318	0.026617
0.000007	0.001303	0.010772	0.000096	0.000331	0.012524
0.000009	0.001299	0.007292	0.000103	0.000436	0.009151
0.000009	0.001321	0.001409	0.000094	0.000377	0.003222
0.000008	0.001308	0.008886	0.000100	0.000408	0.010721
0.000008	0.003401	0.003467	0.000109	0.000474	0.007471
0.000008	0.001416	0.006486	0.000104	0.000392	0.008419
0.000009	0.001470	0.010663	0.000090	0.000407	0.012654
0.000008	0.001330	0.001324	0.000090	0.000381	0.003150
0.000009	0.004394	0.001657	0.000098	0.000359	0.006533
0.000008	0.001520	0.001211	0.000087	0.000369	0.003208
0.000009	0.001401	0.001412	0.000092	0.000315	0.003242
0.000007	0.001355	0.001827	0.000100	0.000364	0.003669
0.000008	0.001303	0.006107	0.000104	0.000482	0.008015
0.000008	0.001527	0.001497	0.000097	0.003371	0.006521
0.000005	0.001272	0.000984	0.000094	0.000377	0.002747
0.000026	0.001834	0.001296	0.000064	0.000233	0.003462
0.000008	0.005167	0.001338	0.000084	0.000325	0.006935
0.000009	0.001437	0.017937	0.000098	0.000335	0.019831
0.000008	0.001290	0.006248	0.000110	0.000384	0.008052
0.000009	0.001419	0.007492	0.000109	0.000536	0.009580
0.000008	0.001413	0.015693	0.000098	0.000451	0.017680
0.000009	0.001344	0.001297	0.000085	0.000379	0.003126
0.000014	0.001952	0.002119	0.000106	0.000382	0.004600
0.000009	0.001350	0.007053	0.000102	0.002697	0.011226
0.000008	0.001321	0.006541	0.000113	0.000724	0.008725
0.000009	0.001362	0.028502	0.000099	0.000325	0.030339
0.000007	0.001274	0.006604	0.000124	0.000317	0.008339
0.000008	0.004411	0.001476	0.000127	0.000350	0.006386
0.000007	0.001377	0.007384	0.000130	0.000464	0.009373
0.000009	0.001357	0.015245	0.000148	0.000356	0.017161
0.000010	0.001273	0.002271	0.000098	0.000326	0.003989
0.000010	0.001375	0.001661	0.000095	0.000285	0.003442
0.000009	0.001517	0.007677	0.000123	0.000483	0.009825
0.000009	0.001637	0.001647	0.000100	0.004668	0.008077
0.000009	0.001332	0.005213	0.000177	0.000414	0.007157
0.000009	0.001381	0.001285	0.000061	0.000192	0.002937
0.000009	0.001287	0.008579	0.000070	0.000212	0.010166
0.000007	0.001256	0.017814	0.000125	0.000390	0.019609
0.000005	0.004467	0.001729	0.000108	0.000739	0.007094
0.000009	0.001508	0.007654	0.000227	0.000445	0.009859
0.000007	0.001327	0.010950	0.000107	0.000362	0.012767
0.000005	0.001356	0.016722	0.000096	0.000273	0.018464
0.000010	0.001354	0.008682	0.000105	0.000366	0.010530
0.000009	0.001440	0.003611	0.000136	0.003189	0.008402
0.000008	0.001388	0.001327	0.000597	0.000309	0.003679
0.000032	0.001316	0.008418	0.000107	0.000545	0.010433
0.000033	0.004427	0.001549	0.000089	0.000447	0.006558
0.000035	0.001333	0.019115	0.000094	0.000331	0.020923
0.000040	0.001545	0.001492	0.000091	0.000273	0.003460
0.000009	0.004283	0.001559	0.000125	0.000338	0.006327
0.000009	0.001331	0.031434	0.000098	0.000423	0.033310
0.000007	0.004072	0.001536	0.000094	0.000290	0.006011
0.000008	0.001290	0.011108	0.000109	0.000384	0.012912
0.000013	0.001298	0.007303	0.000103	0.000391	0.009120
0.000005	0.001315	0.018356	0.000074	0.000259	0.020019
0.000006	0.001247	0.010503	0.000129	0.000304	0.012201
0.000008	0.001242	0.008618	0.000075	0.000229	0.010180
0.000005	0.001217	0.000909	0.000056	0.000236	0.002429
0.000008	0.001381	0.010918	0.000105	0.000397	0.012823
0.000006	0.001726	0.001701	0.000100	0.003520	0.007082
0.000037	0.001729	0.001438	0.000099	0.000443	0.003762
0.000005	0.001333	0.001166	0.000104	0.000425	0.003047
0.000005	0.001290	0.018520	0.000094	0.000283	0.020204
0.000010	0.001429	0.011315	0.000095	0.010020	0.022883
0.000009	0.008679	0.011767	0.000534	0.000297	0.021301
0.000011	0.001332	0.006333	0.000103	0.000302	0.008095
0.000009	0.001473	0.029306	0.000094	0.000278	0.031173
0.000009	0.003217	0.001900	0.000103	0.000493	0.005742
0.000009	0.001363	0.006997	0.000096	0.000414	0.008893
0.000009	0.001572	0.005438	0.000110	0.003015	0.010158
0.000009	0.001729	0.001334	0.000095	0.000328	0.003512
0.000007	0.001383	0.006890	0.000096	0.000481	0.008871
0.000009	0.001284	0.001292	0.000149	0.000479	0.003230
0.000023	0.001723	0.017866	0.000345	0.000415	0.020394
0.000005	0.001225	0.028263	0.000072	0.000224	0.029799
0.000005	0.001209	0.011074	0.000075	0.000226	0.012599
0.000009	0.004331	0.003920	0.000115	0.000405	0.008793
0.000006	0.001212	0.000774	0.000053	0.000171	0.002224
0.000024	0.001939	0.002225	0.000103	0.000464	0.004774
0.000008	0.001430	0.007679	0.000097	0.000587	0.009825
0.000007	0.001353	0.015418	0.000108	0.000335	0.017235
0.000014	0.001806	0.030794	0.000130	0.000440	0.033207
0.000009	0.004201	0.005339	0.000296	0.000475	0.010332
0.000013	0.001348	0.002377	0.000094	0.000293	0.004149
0.000009	0.001407	0.001261	0.000092	0.000281	0.003067
0.000008	0.001380	0.007386	0.000104	0.000434	0.009329
0.000009	0.001303	0.001453	0.000148	0.000294	0.003221
0.000006	0.001411	0.001420	0.000077	0.000253	0.003180
0.000009	0.001451	0.004190	0.000102	0.000313	0.006084
0.000040	0.005403	0.002148	0.000102	0.003038	0.010748
0.000023	0.001641	0.020597	0.000100	0.000288	0.022664
0.000008	0.001289	0.011180	0.000125	0.000279	0.012894
0.000009	0.001451	0.017463	0.000101	0.000428	0.019467
0.000008	0.001384	0.006690	0.000103	0.000413	0.008613
0.000009	0.001539	0.015171	0.000133	0.000551	0.017418
0.000008	0.003948	0.001356	0.000142	0.000416	0.005887
0.000009	0.001262	0.010969	0.000080	0.000209	0.012538
0.000005	0.001231	0.000910	0.000087	0.000372	0.002620
0.000005	0.001292	0.017131	0.000090	0.000316	0.018845
0.000009	0.001412	0.009291	0.000109	0.000491	0.011326
0.000009	0.001287	0.014403	0.000107	0.000278	0.016098
0.000008	0.001416	0.001247	0.000101	0.000304	0.003088
0.000009	0.001333	0.001542	0.000128	0.002190	0.005219
0.000007	0.001295	0.006909	0.000115	0.000485	0.008830
0.000007	0.001406	0.008783	0.000102	0.000392	0.010706
0.000009	0.001436	0.003880	0.000121	0.000330	0.005792
0.000005	0.004614	0.001303	0.000091	0.000276	0.006303
0.000008	0.001299	0.003189	0.000077	0.000201	0.004784
0.000009	0.001396	0.001200	0.000089	0.000263	0.002970
0.000009	0.001401	0.007612	0.000100	0.000298	0.009432
0.000009	0.001597	0.001736	0.000101	0.000386	0.003846
0.000009	0.001374	0.004770	0.000105	0.000353	0.006624
0.000009	0.005260	0.017072	0.000074	0.002431	0.024860
0.000008	0.001389	0.001649	0.000094	0.000327	0.003482
0.000008	0.001330	0.001145	0.000089	0.000330	0.002914
0.000006	0.001284	0.001132	0.000086	0.000269	0.002787
0.000008	0.001304	0.015307	0.000095	0.000393	0.017120
0.000007	0.001289	0.001572	0.000098	0.000290	0.003269
0.000010	0.001337	0.001245	0.000101	0.000325	0.003031
0.000005	0.001381	0.001563	0.000097	0.000336	0.003395
0.000006	0.003289	0.002103	0.000102	0.000488	0.006003
0.000009	0.001292	0.008873	0.000095	0.000290	0.010569
0.000006	0.001386	0.001303	0.000096	0.000526	0.003331
0.000022	0.001402	0.002413	0.000138	0.000300	0.004291
0.000005	0.001267	0.001138	0.000151	0.000411	0.002983
0.000008	0.001490	0.001634	0.000102	0.002793	0.006041
0.000011	0.001333	0.021478	0.000095	0.000286	0.023214
0.000009	0.001285	0.001075	0.000078	0.002040	0.004500
0.000005	0.002602	1.367415	0.000107	0.000384	1.370549
0.000009	0.001306	0.008674	0.000096	0.000429	0.010547
0.000009	0.001393	0.013367	0.000120	0.000676	0.015589
0.000009	0.001344	0.008156	0.000097	0.000327	0.009980
0.000008	0.001283	0.020765	0.000111	0.000420	0.022601
0.000017	0.001446	0.012793	0.000104	0.000271	0.014646
0.000008	0.004100	0.001615	0.000120	0.000342	0.006200
0.000009	0.001406	0.007301	0.000068	0.000201	0.008993
0.000009	0.001460	0.006832	0.000107	0.000326	0.008746
0.000009	0.001318	0.001115	0.000233	0.006069	0.008757
0.000009	0.001410	0.025858	0.000107	0.000341	0.027740
0.000007	0.001366	0.010151	0.000092	0.000230	0.011859
0.000010	0.001384	0.000848	0.000071	0.000202	0.002524
0.000009	0.001282	0.009002	0.000105	0.000361	0.010771
0.000009	0.001350	0.007340	0.000111	0.000317	0.009140
0.000010	0.001307	0.009751	0.000115	0.000356	0.011556
0.000009	0.004439	0.001637	0.000102	0.000368	0.006572
0.000008	0.001762	0.009418	0.000112	0.000372	0.011686
0.000007	0.001360	0.013481	0.000103	0.000473	0.015442
0.000009	0.001623	0.001427	0.000095	0.000527	0.003698
0.000009	0.001393	0.006969	0.000099	0.002805	0.011290
0.000009	0.001412	0.005463	0.000109	0.000520	0.007529
0.000009	0.004365	0.029885	0.000311	0.000374	0.034959
0.000008	0.001339	0.006971	0.000107	0.000321	0.008760
0.000008	0.001311	0.013071	0.000108	0.000265	0.014777
0.000017	0.001456	0.029122	0.000111	0.000323	0.031040
0.000007	0.001260	0.001643	0.000093	0.000298	0.003316
0.000008	0.002414	0.004875	0.000094	0.000294	0.007698
0.000009	0.001415	0.012439	0.000099	0.000314	0.014291
0.000006	0.001312	0.000794	0.000124	0.000275	0.002522
0.000007	0.001238	0.008598	0.000078	0.000258	0.010189
0.000007	0.001342	0.008479	0.000089	0.000304	0.010233
0.000011	0.014265	0.001399	0.000106	0.000312	0.016111
0.000009	0.001747	0.014368	0.000107	0.002609	0.018861
0.000006	0.001415	0.001573	0.000095	0.000425	0.003527
0.000009	0.001280	0.010704	0.000106	0.000315	0.012426
0.000008	0.001317	0.008736	0.000094	0.000300	0.010468
0.000007	0.001238	0.007948	0.000193	0.000320	0.009728
0.000008	0.001290	0.008134	0.000100	0.000305	0.009850
0.000016	0.001767	0.001842	0.000109	0.000414	0.004173
0.000008	0.001380	0.007292	0.000103	0.000364	0.009162
0.000009	0.002239	0.011741	0.000136	0.000311	0.014452
0.000010	0.004545	0.001569	0.000117	0.000334	0.006590
0.000007	0.001421	0.007203	0.000103	0.000355	0.009105
0.000009	0.001336	0.001412	0.000102	0.000307	0.003179
0.000009	0.001403	0.007512	0.000106	0.000377	0.009421
0.000009	0.001478	0.006110	0.000106	0.000325	0.008043
0.000008	0.001347	0.009500	0.000115	0.000339	0.011432
0.000008	0.001345	0.012899	0.000102	0.000387	0.014755
0.000008	0.001421	0.003300	0.000188	0.003304	0.008273
0.000009	0.001396	0.006504	0.000103	0.000349	0.008375
0.000015	0.001499	0.027325	0.000106	0.000374	0.029332
0.000008	0.003815	0.004929	0.000120	0.000385	0.009270
0.000017	0.001653	0.006054	0.000276	0.000407	0.008431
0.000008	0.001404	0.009863	0.000101	0.000777	0.012168
0.000009	0.004542	0.001465	0.000115	0.000340	0.006486
0.000006	0.001280	0.007317	0.000106	0.000298	0.009019
0.000007	0.001380	0.008349	0.000107	0.000311	0.010169
0.000008	0.001354	0.009568	0.000072	0.000211	0.011224
0.000011	0.001416	0.001503	0.000108	0.003689	0.006744
0.000009	0.001345	0.009710	0.000089	0.000296	0.011460
0.000010	0.001874	0.009820	0.000116	0.000451	0.012287
0.000012	0.001487	0.006850	0.000074	0.000211	0.008644
0.000006	0.001403	0.015393	0.000115	0.000341	0.017272
0.000008	0.001888	0.006146	0.000118	0.000621	0.008795
0.000007	0.004043	0.016051	0.000109	0.000447	0.020673
0.000008	0.001454	0.017939	0.000109	0.000326	0.019852
0.000008	0.001326	0.009432	0.000124	0.000439	0.011342
0.000008	0.001564	0.001562	0.000098	0.000352	0.003601
0.000006	0.001242	0.001147	0.000091	0.002261	0.004759
0.000009	0.001300	0.005429	0.000103	0.000305	0.007161
0.000007	0.003434	0.021685	0.000101	0.004591	0.029834
0.000008	0.001353	0.005544	0.000098	0.000323	0.007340
0.000011	0.001637	0.008674	0.000104	0.000413	0.010853
0.000008	0.002288	0.009105	0.000102	0.000291	0.011806
0.000009	0.002200	0.007436	0.000102	0.003802	0.013563
0.000008	0.001365	0.035737	0.000912	0.000492	0.038539
0.000008	0.001391	0.010097	0.000103	0.002686	0.014302
0.000008	0.001324	0.007970	0.000133	0.000459	0.009909
0.000008	0.001374	0.007748	0.000108	0.000312	0.009584
0.000013	0.001362	0.009662	0.000223	0.001490	0.012769
0.000008	0.003567	0.005195	0.000103	0.000547	0.009433
0.000007	0.001723	0.008627	0.000108	0.000561	0.011053
0.000008	0.001355	0.009480	0.000074	0.001469	0.012396
0.000009	0.001453	0.006489	0.000118	0.000397	0.008481
0.000007	0.001945	0.010406	0.000071	0.000213	0.012652
0.000024	0.001950	0.011768	0.000797	0.004543	0.019103
0.000009	0.001757	0.028936	0.000097	0.000301	0.031114
0.000008	0.001340	0.008766	0.000106	0.000369	0.010603
0.000009	0.004430	0.001699	0.000098	0.000370	0.006618
0.000008	0.001399	0.003168	0.000107	0.000346	0.005043
0.000009	0.001413	0.009341	0.000107	0.000343	0.011229
0.000008	0.001353	0.014833	0.000095	0.000317	0.016631
0.000009	0.001341	0.029149	0.000184	0.000360	0.031056
0.000008	0.001374	0.006987	0.000099	0.000424	0.008906
0.000010	0.001419	0.001256	0.000086	0.000272	0.003059
0.000011	0.001365	0.029230	0.000105	0.002627	0.033353
0.000007	0.001309	0.001636	0.000093	0.000311	0.003372
0.000009	0.001485	0.007047	0.000118	0.000373	0.009048
0.000008	0.004055	0.001703	0.000096	0.000302	0.006176
0.000008	0.001281	0.008824	0.000112	0.000400	0.010639
0.000007	0.001254	0.008882	0.000075	0.000215	0.010443
0.000008	0.001315	0.007796	0.000074	0.000221	0.009424
0.000009	0.001297	0.009201	0.000085	0.000483	0.011088
0.000015	0.001737	0.002422	0.000186	0.000575	0.004956
0.000009	0.001429	0.026949	0.000077	0.000330	0.028808
0.000009	0.001312	0.008528	0.000105	0.002769	0.012736
0.000009	0.001328	0.023097	0.000118	0.000381	0.024949
0.000008	0.002018	0.011580	0.000153	0.000349	0.014122
0.000008	0.001362	0.001348	0.000085	0.000293	0.003112
0.000009	0.001571	0.001910	0.000104	0.000420	0.004027
0.000008	0.003466	0.003469	0.000132	0.000387	0.007478
0.000009	0.001318	0.009618	0.000118	0.000670	0.011745
0.000009	0.009703	0.022305	0.000095	0.000411	0.032537
0.000009	0.001407	0.007365	0.000113	0.000403	0.009311
0.000008	0.001276	0.009037	0.000112	0.000331	0.010777
0.000008	0.001347	0.008526	0.000114	0.000501	0.010511
0.000007	0.001310	0.008648	0.000072	0.000213	0.010261
0.000008	0.005559	0.016715	0.000103	0.000329	0.022728
0.000009	0.001416	0.009705	0.000126	0.000397	0.011669
0.000008	0.001683	0.007474	0.000106	0.000356	0.009644
0.000008	0.001351	0.026522	0.000161	0.000522	0.028585
0.000009	0.001394	0.009058	0.000071	0.000211	0.010752
0.000009	0.002312	0.006318	0.000070	0.000307	0.009029
0.000032	0.001515	0.015367	0.000086	0.000296	0.017346
0.000009	0.001613	0.001732	0.000103	0.000739	0.004207
0.000006	0.014560	0.000970	0.000062	0.000216	0.015823
0.000009	0.001396	0.009086	0.000109	0.000337	0.010951
0.000009	0.001324	0.001247	0.000093	0.000307	0.002994
0.000008	0.001803	0.055508	0.000105	0.000333	0.057770
0.000009	0.001541	0.001779	0.000111	0.000457	0.003922
0.000009	0.003989	0.003893	0.000094	0.000344	0.008343
0.000103	0.002036	0.007442	0.000099	0.000298	0.009994
0.000009	0.001366	0.010914	0.000097	0.000299	0.012698
0.000008	0.001597	0.079190	0.000073	0.000205	0.081083
0.000009	0.001376	0.001678	0.000103	0.000307	0.003488
0.000028	0.001692	0.007170	0.000105	0.000359	0.009368
0.000008	0.001500	0.001459	0.000093	0.000339	0.003412
0.000009	0.002559	0.008562	0.000099	0.000302	0.011546
0.000009	0.002013	0.003776	0.000316	0.000670	0.006811
0.000008	0.001845	0.010646	0.000130	0.000372	0.013015
0.000009	0.001320	0.014022	0.000098	0.000283	0.015746
0.000009	0.005178	0.002512	0.000098	0.000338	0.008147
0.000009	0.001577	0.009240	0.000109	0.000328	0.011282
0.000008	0.005130	0.019180	0.000072	0.001647	0.026050
0.000047	0.001349	0.010991	0.000068	0.000197	0.012663
0.000008	0.001458	0.011841	0.000095	0.000294	0.013708
0.000008	0.002418	0.011642	0.000105	0.000444	0.014634
0.000006	0.005235	0.016191	0.000121	0.000510	0.022078
0.000006	0.001365	0.014868	0.000071	0.000210	0.016546
0.000008	0.001611	0.006746	0.000103	0.000365	0.008848
0.000008	0.001875	0.007331	0.000098	0.000353	0.009681
0.000016	0.001342	0.007267	0.000103	0.000306	0.009043
0.000009	0.001537	0.009422	0.000223	0.002522	0.013730
0.000007	0.001811	0.009493	0.000118	0.000443	0.011890
0.000009	0.001941	0.009351	0.000116	0.000498	0.011934
0.000008	0.001365	0.011350	0.000090	0.000273	0.013098
0.000008	0.002073	0.008093	0.000098	0.000295	0.010579
0.000008	0.003838	0.006820	0.000118	0.000371	0.011170
0.000008	0.001663	0.044187	0.000109	0.000339	0.046327
0.000007	0.001367	0.004633	0.000115	0.000375	0.006514
0.000007	0.003856	0.001479	0.000091	0.004411	0.009861
0.000012	0.001350	0.032349	0.000077	0.000216	0.034014
0.000009	0.001436	0.011478	0.000103	0.002101	0.015158
0.000008	0.001390	0.012127	0.000100	0.000417	0.014059
0.000009	0.001347	0.024540	0.000073	0.000212	0.026188
0.000009	0.001401	0.007579	0.000090	0.000315	0.009404
0.000007	0.001283	0.006433	0.000106	0.000440	0.008282
0.000009	0.001608	0.001052	0.000083	0.000302	0.003064
0.000006	0.001224	0.001822	0.000091	0.000300	0.003456
0.000010	0.004181	0.010099	0.000129	0.002832	0.017267
0.000007	0.001340	0.003279	0.000094	0.000332	0.005109
0.000009	0.001498	0.003753	0.000102	0.000299	0.005675
0.000008	0.001404	0.029104	0.000218	0.000380	0.031129
0.000008	0.001446	0.007504	0.000103	0.000380	0.009457
0.000008	0.001271	0.007491	0.000101	0.000426	0.009313
0.000008	0.004178	0.001972	0.000102	0.000311	0.006591
0.000007	0.001333	0.001572	0.000087	0.000278	0.003289
0.000008	0.001826	0.069077	0.000110	0.000491	0.071528
0.000008	0.001341	0.001320	0.000088	0.000313	0.003084
0.000008	0.001280	0.035245	0.000093	0.000319	0.036957
0.000019	0.001375	0.004353	0.000097	0.000316	0.006173
0.000008	0.002020	0.007633	0.000097	0.000356	0.010142
0.000008	0.001367	0.007803	0.000106	0.000360	0.009660
0.000009	0.003133	0.005406	0.000100	0.000441	0.009109
0.000009	0.002902	0.057259	0.000093	0.000297	0.060573
0.000007	0.001297	0.003171	0.000067	0.000207	0.004756
0.000007	0.001308	0.008842	0.000076	0.000320	0.010563
0.000005	0.002175	0.017075	0.000192	0.000664	0.020163
0.000006	0.001233	0.000792	0.000053	0.000213	0.002303
0.000008	0.001338	0.009349	0.000101	0.000325	0.011134
0.000008	0.001277	0.013634	0.000090	0.000276	0.015299
0.000007	0.004072	0.006650	0.000103	0.000400	0.011248
0.000009	0.001385	0.001787	0.000098	0.002639	0.005933
0.000009	0.001313	0.008730	0.000101	0.000312	0.010478
0.000008	0.001390	0.019208	0.000102	0.000303	0.021026
0.000008	0.001485	0.008485	0.000109	0.000532	0.010633
0.000008	0.001415	0.028999	0.000200	0.000331	0.030975
0.000009	0.001350	0.001933	0.000091	0.000314	0.003713
0.000006	0.001319	0.001445	0.000090	0.000311	0.003182
0.000008	0.001244	0.009379	0.000103	0.000328	0.011074
0.000008	0.003587	0.017846	0.000076	0.000309	0.021837
0.000009	0.002070	0.011891	0.000116	0.000384	0.014488
0.000009	0.002810	0.006066	0.000112	0.000543	0.009557
0.000007	0.001336	0.012047	0.000095	0.000399	0.013896
0.000008	0.001746	0.013626	0.000209	0.000309	0.015927
0.000010	0.001464	0.011095	0.000079	0.000215	0.012873
0.000006	0.001333	0.001439	0.000088	0.000298	0.003179
0.000012	0.004863	0.005768	0.000127	0.002509	0.013298
0.000007	0.001257	0.018584	0.000074	0.000222	0.020158
0.000005	0.001294	0.008341	0.000074	0.000221	0.009945
0.000009	0.005152	0.001533	0.000118	0.000330	0.007159
0.000010	0.001362	0.009259	0.000113	0.000444	0.011202
0.000006	0.001361	0.033497	0.000098	0.000284	0.035260
0.000007	0.001365	0.005483	0.000104	0.004909	0.011884
0.000009	0.003058	0.011101	0.000099	0.000325	0.014607
0.000009	0.001519	0.012749	0.000103	0.000340	0.014735
0.000008	0.001289	0.008714	0.000205	0.000337	0.010569
0.000009	0.001471	0.011491	0.000102	0.000350	0.013440
0.000008	0.004037	0.001478	0.000095	0.000322	0.005952
0.000009	0.001474	0.011901	0.000211	0.000401	0.014012
0.000009	0.001394	0.001345	0.000171	0.000325	0.003258
0.000008	0.001387	0.017175	0.000073	0.000257	0.018913
0.000008	0.001329	0.006656	0.000103	0.000348	0.008457
0.000008	0.001380	0.014893	0.000103	0.000307	0.016706
0.000008	0.013844	0.001631	0.000116	0.003174	0.018786
0.000009	0.001422	0.000929	0.000064	0.000219	0.002655
0.000008	0.001351	0.026629	0.000067	0.000248	0.028315
0.000008	0.003349	0.004139	0.000112	0.000664	0.008289
0.000005	0.001219	0.000722	0.000055	0.000176	0.002184
0.000009	0.001380	0.017053	0.000114	0.000293	0.018863
0.000009	0.004338	0.009389	0.000094	0.000353	0.014203
0.000036	0.001708	0.008127	0.000097	0.000364	0.010348
0.000011	0.006632	0.001732	0.000094	0.000289	0.008771
0.000008	0.001289	0.011228	0.000106	0.000309	0.012953
0.000008	0.001377	0.008305	0.000112	0.000552	0.010368
0.000009	0.003132	0.011289	0.000105	0.000288	0.014838
0.000009	0.001507	0.010512	0.000104	0.000334	0.012486
0.000009	0.003460	0.005866	0.000093	0.000290	0.009736
0.000020	0.001681	0.007520	0.000093	0.000282	0.009612
0.000009	0.001842	0.007193	0.000074	0.000211	0.009343
0.000008	0.001530	0.009262	0.000113	0.000516	0.011443
0.000009	0.001460	0.010958	0.000106	0.000344	0.012892
0.000008	0.001470	0.001493	0.000099	0.000300	0.003386
0.000009	0.002484	0.007208	0.000107	0.002997	0.012822
0.000009	0.001874	0.008791	0.000106	0.000331	0.011128
0.000008	0.001392	0.006737	0.000098	0.000272	0.008520
0.000008	0.001282	0.009165	0.000065	0.000211	0.010742
0.000009	0.002279	0.002178	0.000125	0.000333	0.004939
0.000008	0.001590	0.010464	0.000154	0.000609	0.012840
0.000009	0.002041	0.007067	0.000070	0.000215	0.009415
0.000008	0.002082	0.004416	0.000094	0.000290	0.006903
0.000008	0.001372	0.013052	0.000071	0.000209	0.014722
0.000005	0.002121	0.010326	0.000070	0.000225	0.012757
0.000007	0.001616	0.010688	0.000076	0.000207	0.012608
0.000008	0.001396	0.009960	0.000136	0.003017	0.014537
0.000008	0.001300	0.005848	0.000103	0.000396	0.007669
0.000009	0.001299	0.009444	0.000097	0.000287	0.011149
0.000008	0.004427	0.017505	0.000098	0.000249	0.022299
0.000006	0.001194	0.011138	0.000108	0.000420	0.012880
0.000009	0.001329	0.026774	0.000113	0.000436	0.028673
0.000009	0.002222	0.019543	0.000117	0.000766	0.022673
0.000009	0.001321	0.001330	0.000130	0.000279	0.003083
0.000009	0.001489	0.035590	0.000100	0.000369	0.037571
0.000007	0.002123	0.001240	0.000249	0.000293	0.003929
0.000009	0.001406	0.007965	0.000108	0.000361	0.009863
0.000012	0.001344	0.026451	0.000069	0.001510	0.029395
0.000007	0.001284	0.015699	0.000162	0.000484	0.017657
0.000008	0.005068	0.007841	0.000105	0.000370	0.013416
0.000008	0.001386	0.001404	0.000090	0.000321	0.003224
0.000009	0.001398	0.013360	0.000098	0.000349	0.015231
0.000007	0.001400	0.010570	0.000492	0.000285	0.012772
0.000008	0.001348	0.015827	0.000095	0.000288	0.017581
0.000008	0.001421	0.006147	0.000095	0.000292	0.007979
0.000008	0.005265	0.001676	0.000110	0.000334	0.007414
0.000009	0.001469	0.003301	0.000109	0.000788	0.005693
0.000009	0.007561	0.001550	0.000100	0.000302	0.009535
0.000009	0.001398	0.010835	0.000099	0.002116	0.014471
0.000008	0.001335	0.018348	0.000094	0.000303	0.020101
0.000011	0.001741	0.003284	0.000095	0.000278	0.005424
0.000008	0.001361	0.008970	0.000108	0.000327	0.010788
0.000009	0.001292	0.079190	0.000106	0.000370	0.080981
0.000009	0.001389	0.116727	0.000113	0.000339	0.118590
0.000009	0.001415	0.004958	0.000110	0.000297	0.006948
0.000010	0.001324	0.026575	0.000096	0.000283	0.028300
0.000008	0.004858	0.005482	0.000108	0.000331	0.010801
0.000009	0.001882	0.007316	0.000116	0.002769	0.012110
0.000009	0.001553	0.009272	0.000213	0.000423	0.011486
0.000006	0.001414	0.013348	0.000105	0.000355	0.015242
0.000008	0.002595	0.001407	0.000095	0.000296	0.004415
0.000008	0.001337	0.007315	0.000107	0.001689	0.010473
0.000009	0.001445	0.007345	0.000122	0.000364	0.009300
0.000007	0.001622	0.001593	0.000099	0.000294	0.003637
0.000007	0.001318	0.010810	0.000288	0.000614	0.013055
0.000008	0.001313	0.008003	0.000102	0.000310	0.009750
0.000009	0.001354	0.009084	0.000097	0.002683	0.013242
0.000008	0.001384	0.001321	0.000092	0.000298	0.003117
0.000008	0.001356	0.008956	0.000106	0.000966	0.011412
0.000009	0.001402	0.009112	0.000149	0.000286	0.010973
0.000009	0.002412	0.013130	0.000102	0.000415	0.016083
0.000009	0.001360	0.042527	0.000104	0.001520	0.045536
0.000009	0.001370	0.011248	0.000115	0.000445	0.013201
0.000066	0.004230	0.001780	0.000098	0.000316	0.006507
0.000008	0.001402	0.007440	0.000113	0.000427	0.009405
0.000008	0.004725	0.035103	0.000139	0.000770	0.040764
0.000009	0.001421	0.012930	0.000101	0.000346	0.014823
0.000009	0.001347	0.007803	0.000104	0.000375	0.009652
0.000010	0.001365	0.010170	0.000109	0.000435	0.012104
0.000009	0.001404	0.010846	0.000094	0.000297	0.012662
0.000009	0.001328	0.019268	0.000102	0.000323	0.021044
0.000007	0.001410	0.009685	0.000107	0.000358	0.011581
0.000009	0.002119	0.006100	0.000104	0.000335	0.008689
0.000009	0.001402	0.001569	0.000098	0.000409	0.003501
0.000008	0.001287	0.010763	0.000105	0.000397	0.012574
0.000010	0.001500	0.001538	0.000106	0.000408	0.003576
0.000009	0.001685	0.018425	0.000117	0.000538	0.020790
0.000008	0.001482	0.006355	0.000110	0.002943	0.010918
0.000008	0.001380	0.016297	0.000118	0.000324	0.018138
0.000008	0.002386	0.007006	0.000109	0.000296	0.009835
0.000008	0.001395	0.007686	0.000109	0.000418	0.009633
0.000009	0.002837	0.017414	0.000092	0.000300	0.020665
0.000008	0.004060	0.001348	0.000100	0.002151	0.007683
0.000009	0.001406	0.010159	0.000141	0.000714	0.012447
0.000011	0.001518	0.051166	0.000112	0.000319	0.053143
0.000009	0.004404	0.013969	0.000097	0.000350	0.018843
0.000008	0.001372	0.011115	0.000104	0.000328	0.012942
0.000010	0.001438	0.013080	0.000100	0.000383	0.015025
0.000009	0.001402	0.014477	0.000103	0.000536	0.016542
0.000008	0.001369	0.008988	0.000102	0.000521	0.011004
0.000009	0.001296	0.001263	0.000088	0.000326	0.002995
0.000008	0.001286	0.010720	0.000095	0.000313	0.012434
0.000009	0.002408	0.017750	0.000170	0.000455	0.020809
0.000009	0.001716	0.001360	0.000105	0.000315	0.003518
0.000008	0.001630	0.010340	0.000108	0.000339	0.012442
0.000009	0.001393	0.003017	0.000098	0.000328	0.004858
0.000007	0.001344	0.010262	0.000106	0.000408	0.012143
0.000009	0.001395	0.001365	0.000091	0.000273	0.003147
0.000012	0.001438	0.008053	0.000117	0.000426	0.010062
0.000007	0.001333	0.005866	0.000107	0.000406	0.007735
0.000009	0.016440	0.001569	0.000106	0.000298	0.018435
0.000009	0.001410	0.003226	0.000307	0.000317	0.005286
0.000009	0.001634	0.017653	0.000108	0.000394	0.019813
0.000009	0.001357	0.001870	0.000099	0.000351	0.003700
0.000008	0.001420	0.006353	0.000112	0.000382	0.008292
0.000016	0.001783	0.007500	0.000104	0.000312	0.009813
0.000009	0.002476	0.009918	0.000125	0.000311	0.012857
0.000009	0.001411	0.001381	0.000093	0.000290	0.003198
0.000010	0.001402	0.005193	0.000109	0.000390	0.007120
0.000008	0.001764	0.002457	0.000092	0.000272	0.004610
0.000010	0.001320	0.001232	0.000094	0.000816	0.003487
0.000008	0.001351	0.001761	0.000195	0.000488	0.003825
0.000010	0.002324	0.029392	0.000097	0.002531	0.034371
0.000006	0.001365	0.000994	0.000092	0.000296	0.002763
0.000009	0.001397	0.001278	0.000068	0.000291	0.003056
0.000009	0.005144	0.027784	0.000106	0.000411	0.033468
0.000009	0.001442	0.003460	0.000102	0.000313	0.005341
0.000009	0.001418	0.001559	0.000099	0.002396	0.005499
0.000009	0.001409	0.019922	0.000102	0.000443	0.021903
0.000009	0.001350	0.007274	0.000098	0.000302	0.009048
0.000007	0.001315	0.001134	0.000094	0.000283	0.002846
0.000009	0.001345	0.001801	0.000123	0.000315	0.003611
0.000009	0.001510	0.033423	0.000106	0.000357	0.035418
0.000008	0.002060	0.006238	0.000100	0.000301	0.008725
0.000007	0.001426	0.003151	0.000094	0.000267	0.004959
0.000009	0.001289	0.004343	0.000099	0.000289	0.006040
0.000009	0.001383	0.006962	0.000097	0.002598	0.011064
0.000007	0.001810	0.007558	0.000114	0.000411	0.009913
0.000009	0.004495	0.022385	0.000101	0.000427	0.027432
0.000009	0.001401	0.028886	0.000098	0.000287	0.030694
0.000009	0.001318	0.016657	0.000106	0.000413	0.018516
0.000009	0.001322	0.010677	0.000095	0.000334	0.012449
0.000009	0.001415	0.013298	0.000074	0.000230	0.015039
0.000009	0.001362	0.007140	0.000114	0.000535	0.009175
0.000009	0.001613	0.013280	0.000115	0.000402	0.015443
0.000010	0.001543	0.001506	0.000100	0.000405	0.003582
0.000009	0.001731	0.009455	0.000106	0.000322	0.011637
0.000008	0.001358	0.011498	0.000109	0.000681	0.013666
0.000009	0.001390	0.001449	0.000102	0.000285	0.003248
0.000008	0.002024	0.007310	0.000095	0.002325	0.011776
0.000010	0.001793	0.001421	0.000101	0.000369	0.003712
0.000008	0.004489	0.023947	0.000112	0.000399	0.028969
0.000009	0.001350	0.013370	0.000099	0.002265	0.017107
0.000008	0.001421	0.011917	0.000103	0.000296	0.013760
0.000007	0.006078	0.892115	0.000109	0.000313	0.898634
0.000009	0.001371	0.001364	0.000105	0.000279	0.003141
0.000011	0.001322	0.006802	0.000118	0.000419	0.008686
0.000009	0.001401	0.002284	0.000108	0.000355	0.004174
0.000009	0.001316	0.015274	0.000194	0.000319	0.017124
0.000009	0.001392	0.028876	0.000145	0.000325	0.030761
0.000012	0.001309	0.001267	0.000104	0.000512	0.003219
0.000008	0.001388	0.007448	0.000103	0.000326	0.009287
0.000009	0.001451	0.007560	0.000242	0.000625	0.009906
0.000009	0.001441	0.009480	0.000115	0.000575	0.011643
0.000006	0.003178	0.001326	0.000108	0.003591	0.008223
0.000010	0.001382	0.022934	0.000106	0.000426	0.024875
0.000009	0.001298	0.008623	0.000096	0.000236	0.010276
0.000008	0.001369	0.009077	0.000104	0.000334	0.010911
0.000009	0.001393	0.014329	0.000077	0.000210	0.016030
0.000007	0.001293	0.009086	0.000102	0.000340	0.010840
0.000008	0.001481	0.001150	0.000096	0.000287	0.003039
0.000010	0.001366	0.008864	0.000222	0.000506	0.010984
0.000009	0.001460	0.031684	0.000125	0.000327	0.033619
0.000009	0.001380	0.007646	0.000113	0.000372	0.009536
0.000009	0.005270	0.009630	0.000107	0.002268	0.017299
0.000009	0.001452	0.001564	0.000109	0.000332	0.003484
0.000008	0.001365	0.007352	0.000110	0.000340	0.009194
0.000012	0.001963	0.001444	0.000098	0.000357	0.003892
0.000007	0.001322	0.012554	0.000514	0.000333	0.014751
0.000009	0.001310	0.010133	0.000110	0.000300	0.011908
0.000008	0.001414	0.017099	0.000110	0.000367	0.019034
0.000008	0.001391	0.019344	0.000116	0.000422	0.021296
0.000009	0.001331	0.006784	0.000103	0.000424	0.008664
0.000008	0.001324	0.010030	0.000161	0.000416	0.011954
0.000009	0.006746	0.001519	0.000228	0.002364	0.010882
0.000008	0.001342	0.007240	0.000106	0.000367	0.009078
0.000009	0.001386	0.009334	0.000124	0.000343	0.011209
0.000008	0.001370	0.001670	0.000203	0.000219	0.003484
0.000008	0.001312	0.009047	0.000091	0.000631	0.011101
0.000007	0.001294	0.006912	0.000102	0.000310	0.008644
0.000005	0.001227	0.001754	0.000098	0.000366	0.003464
0.000008	0.001359	0.006859	0.000115	0.000312	0.008664
0.000008	0.001262	0.007510	0.000393	0.000635	0.009851
0.000008	0.001425	0.000973	0.000076	0.000348	0.002843
0.000009	0.004166	0.001525	0.000109	0.002441	0.008265
0.000009	0.001536	0.002468	0.000370	0.000346	0.004791
0.000009	0.001325	0.009008	0.000121	0.000356	0.010833
0.000009	0.001338	0.001488	0.000137	0.000283	0.003270
0.000008	0.001296	0.010354	0.000116	0.000309	0.012096
0.000008	0.001360	0.002784	0.000321	0.001436	0.005955
0.000008	0.001356	0.001546	0.000108	0.000297	0.003329
0.000008	0.001350	0.009094	0.000134	0.002339	0.012943
0.000008	0.001372	0.001351	0.000107	0.000302	0.003156
0.000007	0.001351	0.010163	0.000109	0.000317	0.011962
0.000009	0.019472	0.001741	0.000112	0.002586	0.023937
0.000009	0.001407	0.021046	0.000108	0.000367	0.022952
0.000008	0.001389	0.011503	0.000112	0.000386	0.013410
0.000009	0.005765	0.001536	0.000104	0.002578	0.010006
0.000009	0.001339	0.005647	0.000108	0.000316	0.007432
0.000007	0.001326	0.001752	0.000091	0.000255	0.003444
0.000009	0.001284	0.003720	0.001783	0.000384	0.007195
0.000009	0.001386	0.007311	0.000118	0.000436	0.009277
0.000009	0.001411	0.012540	0.000106	0.000381	0.014459
0.000008	0.001468	0.002033	0.000200	0.000528	0.004250
0.000008	0.002104	0.007014	0.000107	0.000318	0.009565
0.000008	0.001306	0.016513	0.000083	0.000232	0.018155
0.000007	0.001256	0.008161	0.000109	0.000331	0.009878
0.000007	0.001293	0.009196	0.000105	0.000311	0.010924
0.000011	0.001892	0.011134	0.000112	0.000693	0.013865
0.000009	0.001611	0.009831	0.000272	0.000759	0.012502
0.000009	0.005692	0.017088	0.000116	0.000372	0.023294
0.000011	0.001543	0.026201	0.000105	0.000398	0.028273
0.000009	0.001285	0.015139	0.000177	0.000328	0.016961
0.000009	0.001386	0.008789	0.000099	0.000313	0.010612
0.000009	0.001356	0.007744	0.000294	0.000301	0.009716
0.000008	0.001374	0.049087	0.000100	0.000276	0.050857
0.000009	0.001469	0.001501	0.000105	0.000315	0.003412
0.000009	0.001379	0.016913	0.000103	0.000283	0.018699
0.000009	0.001452	0.008387	0.000115	0.000390	0.010369
0.000013	0.002816	0.029220	0.000120	0.000378	0.032563
0.000005	0.001352	0.001237	0.000104	0.001870	0.004582
0.000008	0.001410	0.006519	0.000111	0.000429	0.008493
0.000009	0.001430	0.032573	0.000103	0.000473	0.034617
0.000008	0.004439	0.001479	0.000098	0.000345	0.006384
0.000007	0.001315	0.009685	0.000414	0.000313	0.011753
0.000009	0.001306	0.032745	0.000079	0.000245	0.034394
0.000006	0.001258	0.006922	0.000089	0.000241	0.008524
0.000008	0.001418	0.011751	0.000099	0.000295	0.013585
0.000009	0.001356	0.007067	0.000111	0.000329	0.008883
0.000008	0.003954	0.018725	0.000109	0.000433	0.023244
0.000008	0.001288	0.001188	0.000065	0.002150	0.004712
0.000008	0.001273	0.002490	0.000100	0.000312	0.004196
0.000008	0.002382	0.015353	0.000104	0.000437	0.018301
0.000012	0.001364	0.034770	0.000101	0.000280	0.036539
0.000008	0.001348	0.011254	0.000093	0.000304	0.013022
0.000008	0.001433	0.012295	0.000109	0.000362	0.014219
0.000009	0.001411	0.001490	0.000092	0.003085	0.006103
0.000009	0.001350	0.003369	0.000097	0.000330	0.005168
0.000009	0.002046	0.001167	0.000100	0.000473	0.003810
0.000009	0.001422	0.013472	0.000105	0.000300	0.015322
0.000009	0.001376	0.001058	0.000066	0.000207	0.002729
0.000009	0.003062	0.009147	0.000069	0.000222	0.012523
0.000009	0.001293	0.006869	0.000100	0.000314	0.008599
0.000010	0.001467	0.001642	0.000250	0.000531	0.003922
0.000006	0.004166	0.000857	0.000062	0.000366	0.005468
0.000008	0.001327	0.007066	0.000071	0.000236	0.008718
0.000006	0.001258	0.008754	0.000070	0.000228	0.010326
0.000005	0.002135	0.010364	0.000090	0.000292	0.012901
0.000005	0.001428	0.014128	0.000200	0.000722	0.016503
0.000005	0.001289	0.018573	0.000108	0.000324	0.020314
0.000009	0.001393	0.001330	0.000098	0.000305	0.003150
0.000009	0.001788	0.011336	0.000094	0.000284	0.013524
0.000009	0.002983	0.005357	0.000105	0.000316	0.008785
0.000006	0.006673	0.016215	0.000209	0.000410	0.023528
0.000008	0.001419	0.011697	0.000100	0.000301	0.013593
0.000007	0.001392	0.007707	0.000107	0.000711	0.009948
0.000009	0.001500	0.017920	0.000148	0.000366	0.019956
0.000009	0.001331	0.007445	0.000113	0.003890	0.012802
0.000008	0.001326	0.028859	0.000109	0.000383	0.030700
0.000008	0.001314	0.008994	0.000098	0.000313	0.010741
0.000006	0.001254	0.001225	0.000087	0.000350	0.002937
0.000009	0.001339	0.009716	0.000107	0.000334	0.011519
0.000008	0.001368	0.014896	0.000097	0.000349	0.016729
0.000008	0.001485	0.011489	0.000105	0.002855	0.015957
0.000009	0.001348	0.009837	0.000104	0.000343	0.011655
0.000015	0.003623	0.004847	0.000107	0.000316	0.008919
0.000009	0.002104	0.007294	0.000106	0.000456	0.009985
0.000006	0.001423	0.002711	0.000081	0.000231	0.004463
0.000008	0.001303	0.006848	0.000098	0.000352	0.008622
0.000008	0.001330	0.000950	0.000084	0.000264	0.002652
0.000010	0.001504	0.004246	0.000113	0.002606	0.008500
0.000009	0.001308	0.004913	0.000121	0.000541	0.006906
0.000008	0.001305	0.008731	0.000093	0.000301	0.010453
0.000008	0.001284	0.017410	0.000097	0.000289	0.019101
0.000009	0.003946	0.003305	0.000103	0.000343	0.007720
0.000009	0.001340	0.006916	0.000095	0.001215	0.009588
0.000008	0.001432	0.008184	0.000098	0.000315	0.010054
0.000007	0.001573	0.001190	0.000091	0.000284	0.003162
0.000009	0.001394	0.025593	0.000108	0.000657	0.027772
0.000007	0.003654	0.004911	0.000096	0.000317	0.008998
0.000008	0.001318	0.001276	0.000219	0.003481	0.006320
0.000009	0.001475	0.027013	0.000103	0.000773	0.029387
0.000009	0.001641	0.015242	0.000108	0.000335	0.017348
0.000009	0.001373	0.007217	0.000112	0.000319	0.009042
0.000009	0.001471	0.007046	0.000070	0.000212	0.008820
0.000008	0.001296	0.007602	0.000075	0.000229	0.009221
0.000008	0.002230	0.004123	0.000069	0.001642	0.008083
0.000007	0.001310	0.003695	0.000106	0.000329	0.005461
0.000008	0.001701	0.007314	0.000103	0.004140	0.013283
0.000017	0.001262	0.005567	0.000243	0.000428	0.007530
0.000008	0.001385	0.009442	0.000097	0.002389	0.013336
0.000008	0.001280	0.005665	0.000131	0.000419	0.007515
0.000009	0.002095	0.011306	0.000101	0.000301	0.013825
0.000010	0.001342	0.099164	0.000098	0.000348	0.100975
0.000009	0.001379	0.001228	0.000092	0.000343	0.003064
0.000008	0.001394	0.007527	0.000109	0.000400	0.009452
0.000009	0.001372	0.008342	0.000214	0.000271	0.010222
0.000008	0.001377	0.009852	0.000094	0.000273	0.011617
0.000012	0.001645	0.005429	0.000106	0.000402	0.007606
0.000008	0.001748	0.001492	0.000098	0.000401	0.003760
0.000008	0.001386	0.003449	0.000102	0.000309	0.005273
0.000007	0.001333	0.005113	0.000105	0.002515	0.009088
0.000008	0.001344	0.001254	0.000085	0.000329	0.003033
0.000009	0.001514	0.013358	0.000096	0.001888	0.016879
0.000008	0.002414	0.016463	0.000098	0.000332	0.019331
0.000008	0.001271	0.008869	0.000112	0.000547	0.010822
0.000007	0.002502	0.007648	0.000078	0.000309	0.010556
0.000007	0.001992	0.008260	0.000077	0.000313	0.010660
0.000009	0.001283	0.008413	0.000075	0.000258	0.010049
0.000008	0.001770	0.013360	0.000071	0.000218	0.015437
0.000008	0.003218	0.034501	0.000148	0.000570	0.038463
0.000009	0.001221	0.005328	0.000240	0.000266	0.007079
0.000006	0.001986	0.009041	0.000074	0.000223	0.011372
0.000006	0.001944	0.010404	0.000124	0.000518	0.013010
0.000011	0.001424	0.001200	0.000087	0.000290	0.003024
0.000007	0.002410	0.011275	0.000102	0.000317	0.014127
0.000008	0.001300	0.002850	0.000097	0.000290	0.004556
0.000008	0.001336	0.007261	0.000102	0.000358	0.009078
0.000009	0.001344	0.011469	0.000103	0.003171	0.016109
0.000009	0.001410	0.025250	0.000109	0.000396	0.027186
0.000008	0.016016	0.001486	0.000097	0.000309	0.017928
0.000009	0.001357	0.001253	0.000102	0.000307	0.003040
0.000007	0.002384	0.009600	0.000093	0.000446	0.012544
0.000005	0.002049	0.003652	0.000203	0.002409	0.008342
0.000008	0.001495	0.001891	0.000093	0.000277	0.003791
0.000009	0.004955	0.014977	0.000096	0.000287	0.020337
0.000009	0.002058	0.034778	0.000103	0.000316	0.037278
0.000009	0.005894	0.001265	0.000094	0.000301	0.007575
0.000008	0.002058	0.032051	0.000172	0.000382	0.034685
0.000009	0.001270	0.009735	0.000095	0.002139	0.013261
0.000005	0.001291	0.001096	0.000087	0.000278	0.002771
0.000007	0.001327	0.008389	0.000092	0.000295	0.010124
0.000007	0.001284	0.010890	0.000190	0.000405	0.012789
0.000015	0.001620	0.008862	0.000101	0.000311	0.010922
0.000008	0.001306	0.008778	0.000123	0.000734	0.010970
0.000008	0.001325	0.018147	0.000099	0.000287	0.019878
0.000009	0.001607	0.007602	0.000114	0.000351	0.009696
0.000008	0.004241	0.001839	0.000104	0.000502	0.006711
0.000009	0.001436	0.002407	0.000379	0.000370	0.004619
0.000008	0.001319	0.003076	0.000096	0.000233	0.004746
0.000009	0.001688	0.001552	0.000098	0.000440	0.003821
0.000010	0.001779	0.013279	0.000070	0.000208	0.015357
0.000009	0.001365	0.001404	0.000092	0.000390	0.003273
0.000008	0.001714	0.001716	0.000128	0.000441	0.004029
0.000007	0.001548	0.012225	0.000105	0.001043	0.014945
0.000008	0.001416	0.001301	0.000093	0.002618	0.005450
0.000008	0.001386	0.007005	0.000101	0.000304	0.008820
0.000008	0.005902	0.014070	0.000127	0.000920	0.021048
0.000009	0.001480	0.001520	0.000094	0.000307	0.003427
0.000010	0.001401	0.020013	0.000095	0.000310	0.021844
0.000009	0.001292	0.001630	0.000115	0.000245	0.003306
0.000005	0.001226	0.018409	0.000069	0.000235	0.019954
0.000006	0.001190	0.008597	0.000084	0.000275	0.010161
0.000005	0.001261	0.008886	0.000086	0.000263	0.010510
0.000007	0.001235	0.005281	0.000108	0.003988	0.010632
0.000015	0.005332	0.009787	0.000107	0.000338	0.015597
0.000009	0.004068	0.002019	0.000110	0.000498	0.006724
0.000007	0.001306	0.001247	0.000091	0.000323	0.002986
0.000010	0.001345	0.009116	0.000100	0.000288	0.010873
0.000006	0.001322	0.012071	0.000098	0.000371	0.013882
0.000008	0.001365	0.001421	0.000105	0.000622	0.003547
0.000009	0.002122	0.011314	0.000102	0.000308	0.013872
0.000006	0.001258	0.008980	0.000073	0.002716	0.013045
0.000009	0.001345	0.008957	0.000098	0.000294	0.010719
0.000008	0.001350	0.009167	0.000106	0.000428	0.011074
0.000008	0.001273	0.007039	0.000153	0.000308	0.008794
0.000008	0.001386	0.036327	0.000069	0.000204	0.038005
0.000009	0.001330	0.001439	0.000088	0.000361	0.003240
0.000009	0.001861	0.011539	0.000097	0.000319	0.013838
0.000008	0.001313	0.002931	0.000070	0.000200	0.004533
0.000008	0.001549	0.001532	0.000104	0.000414	0.003624
0.000009	0.001357	0.012058	0.000074	0.000361	0.013870
0.000009	0.001354	0.008029	0.000147	0.000334	0.009887
0.000008	0.001582	0.011363	0.000070	0.000211	0.013244
0.000009	0.004863	0.003730	0.000099	0.003389	0.012102
0.000009	0.001358	0.008803	0.000092	0.000298	0.010572
0.000010	0.004733	0.020958	0.000180	0.000323	0.026220
0.000008	0.001368	0.007238	0.000113	0.000678	0.009419
0.000009	0.001275	0.006797	0.000102	0.000466	0.008661
0.000009	0.001466	0.002309	0.000069	0.000208	0.004075
0.000009	0.001556	0.001241	0.000087	0.000273	0.003180
0.000005	0.001420	0.003291	0.000095	0.000290	0.005115
0.000008	0.004382	0.015727	0.000369	0.000472	0.020978
0.000009	0.001305	0.015480	0.000106	0.000385	0.017299
0.000008	0.001428	0.009831	0.000098	0.000322	0.011702
0.000010	0.001464	0.012955	0.000096	0.000305	0.014844
0.000007	0.001373	0.017460	0.000151	0.000389	0.019396
0.000009	0.001649	0.007320	0.000095	0.000319	0.009405
0.000008	0.001322	0.011615	0.000281	0.003027	0.016269
0.000007	0.001368	0.018997	0.000095	0.000284	0.020764
0.000013	0.002518	0.002300	0.000108	0.000312	0.005272
0.000009	0.001703	0.001688	0.000148	0.000492	0.004063
0.000009	0.001309	0.008614	0.000103	0.000331	0.010379
0.000009	0.002336	0.006912	0.000105	0.000375	0.009761
0.000009	0.001272	0.006906	0.000100	0.000387	0.008685
0.000005	0.001270	0.010713	0.000112	0.000636	0.012771
0.000006	0.004509	0.016800	0.000100	0.000219	0.021642
0.000005	0.001325	0.002722	0.000410	0.000376	0.004854
0.000009	0.001371	0.059726	0.000111	0.000322	0.061552
0.000010	0.001272	0.007032	0.000104	0.000418	0.008849
0.000009	0.004614	0.020066	0.000097	0.000297	0.025096
0.000007	0.001318	0.009084	0.000166	0.000329	0.010921
0.000008	0.001324	0.027894	0.000212	0.000348	0.029800
0.000008	0.001368	0.008027	0.000099	0.000316	0.009833
0.000008	0.001380	0.008606	0.000107	0.000382	0.010498
0.000009	0.001455	0.001974	0.000110	0.000332	0.003901
0.000008	0.001283	0.004753	0.000104	0.000447	0.006611
0.000011	0.001401	0.005807	0.000108	0.003500	0.010843
0.000014	0.001330	0.017217	0.000107	0.000387	0.019070
0.000008	0.001270	0.008916	0.000106	0.000321	0.010635
0.000009	0.001333	0.019216	0.000100	0.000410	0.021083
0.000008	0.001356	0.014011	0.000117	0.000545	0.016054
0.000007	0.001284	0.008503	0.000113	0.000726	0.010647
0.000010	0.001430	0.014601	0.000070	0.000217	0.016339
0.000006	0.001199	0.009440	0.000085	0.000230	0.010969
0.000009	0.001321	0.008005	0.000119	0.000438	0.009910
0.000009	0.001607	0.005038	0.000096	0.000290	0.007051
0.000008	0.001751	0.007899	0.000154	0.000925	0.010752
0.000006	0.002342	0.005233	0.000081	0.000329	0.008005
0.000009	0.001332	0.010474	0.000099	0.000422	0.012350
0.000009	0.001342	0.000889	0.000064	0.000198	0.002515
0.000008	0.001316	0.025701	0.000102	0.002437	0.029576
0.000009	0.001306	0.001228	0.000091	0.000285	0.002932
0.000007	0.001291	0.001222	0.000159	0.000282	0.002973
0.000007	0.001381	0.007426	0.000120	0.000517	0.009465
0.000009	0.001302	0.006895	0.000099	0.000318	0.008635
0.000009	0.001336	0.001481	0.000099	0.000314	0.003254
0.000009	0.001326	0.012771	0.000109	0.000319	0.014548
0.000009	0.001413	0.009647	0.000107	0.000303	0.011496
0.000009	0.001292	0.005220	0.000105	0.000386	0.007026
0.000010	0.002533	0.005433	0.000103	0.000386	0.008485
0.000008	0.001506	0.005817	0.000095	0.002184	0.009628
0.000008	0.002850	0.006730	0.000111	0.000547	0.010260
0.000008	0.016468	0.001297	0.000098	0.000296	0.018179
0.000009	0.001419	0.032521	0.000100	0.000734	0.034800
0.000009	0.001304	0.007727	0.000108	0.000396	0.009557
0.000009	0.001551	0.008170	0.000072	0.001480	0.011292
0.000012	0.001359	0.007507	0.000150	0.000367	0.009408
0.000008	0.003313	0.005374	0.000100	0.000653	0.009461
0.000005	0.001216	0.001124	0.000085	0.000299	0.002739
0.000006	0.001233	0.001365	0.000098	0.002810	0.005526
0.000009	0.001347	0.005005	0.000098	0.000515	0.006988
0.000009	0.001373	0.019097	0.000106	0.000318	0.020918
0.000021	0.004327	0.003669	0.000102	0.000297	0.008432
0.000009	0.001613	0.013027	0.000100	0.000287	0.015051
0.000009	0.001636	0.001643	0.000106	0.000351	0.003765
0.000009	0.001379	0.008067	0.000103	0.000358	0.009932
0.000008	0.001498	0.001842	0.000105	0.000304	0.003773
0.000009	0.001647	0.007271	0.000074	0.000210	0.009226
0.000009	0.001529	0.009914	0.000081	0.000231	0.011779
0.000006	0.004524	0.001563	0.000100	0.000302	0.006508
0.000008	0.001410	0.011191	0.000227	0.000318	0.013170
0.000009	0.001283	0.008752	0.000125	0.000452	0.010634
0.000008	0.002020	0.006417	0.000100	0.000335	0.008894
0.000008	0.001321	0.001296	0.000119	0.000722	0.003481
0.000009	0.001475	0.012447	0.000220	0.003462	0.017630
0.000009	0.001738	0.011615	0.000101	0.000356	0.013833
0.000008	0.004612	0.006810	0.000121	0.002408	0.013971
0.000005	0.001241	0.000759	0.000055	0.000219	0.002287
0.000008	0.001826	0.006383	0.000106	0.000238	0.008572
0.000006	0.001270	0.001130	0.000177	0.000196	0.002788
0.000006	0.001229	0.000863	0.000072	0.000389	0.002569
0.000006	0.001325	0.007629	0.000081	0.000247	0.009299
0.000006	0.001841	0.013323	0.000108	0.000382	0.015674
0.000009	0.001298	0.017188	0.000212	0.000440	0.019162
0.000007	0.003242	0.003782	0.000122	0.000351	0.007517
0.000007	0.001339	0.006776	0.000117	0.000452	0.008708
0.000010	0.001507	0.017749	0.000314	0.000491	0.020110
0.000008	0.001318	0.010390	0.000114	0.000853	0.012700
0.000009	0.001416	0.026273	0.000261	0.000349	0.028331
0.000009	0.001338	0.001934	0.000092	0.000303	0.003691
0.000008	0.001448	0.007530	0.000098	0.003780	0.012884
0.000008	0.001324	0.021344	0.000104	0.000344	0.023139
0.000008	0.001296	0.009207	0.000097	0.000380	0.011002
0.000006	0.001330	0.018369	0.000097	0.000278	0.020091
0.000008	0.001295	0.084635	0.000106	0.000643	0.086707
0.000009	0.001465	0.008755	0.000104	0.000321	0.010668
0.000009	0.001442	0.001093	0.000093	0.000339	0.002986
0.000009	0.001318	0.007763	0.000076	0.000220	0.009395
0.000008	0.001381	0.007346	0.000069	0.000253	0.009068
0.000008	0.001369	0.001288	0.000106	0.003648	0.006434
0.000009	0.001564	0.013965	0.000111	0.000334	0.015995
0.000005	0.001408	0.001259	0.000214	0.000332	0.003231
0.000009	0.001385	0.004979	0.000094	0.000312	0.006826
0.000009	0.001344	0.001587	0.000096	0.000281	0.003331
0.000008	0.002164	0.010553	0.000103	0.002408	0.015253
0.000009	0.001362	0.019542	0.000118	0.000359	0.021403
0.000006	0.001338	0.019255	0.000074	0.000231	0.020914
0.000009	0.001249	0.006981	0.000103	0.000318	0.008672
0.000008	0.001330	0.014999	0.000100	0.000308	0.016759
0.000010	0.005071	0.002474	0.000100	0.000344	0.008013
0.000009	0.001472	0.007213	0.000109	0.000322	0.009141
0.000007	0.001273	0.015909	0.000102	0.000319	0.017624
0.000007	0.012793	0.001636	0.000116	0.000500	0.015072
0.000009	0.001829	0.009307	0.000100	0.000314	0.011576
0.000008	0.001381	0.014264	0.000098	0.000294	0.016059
0.000008	0.001330	0.011006	0.000098	0.000284	0.012738
0.000008	0.002309	0.019421	0.000112	0.000328	0.022193
0.000011	0.001835	0.007120	0.000093	0.002643	0.011716
0.000005	0.001329	0.002259	0.000065	0.000207	0.003877
0.000005	0.001199	0.014747	0.000081	0.002009	0.018051
0.000005	0.001333	0.031388	0.000098	0.000358	0.033193
0.000008	0.001298	0.009737	0.000114	0.000344	0.011514
0.000008	0.001764	0.001830	0.000101	0.000302	0.004027
0.000008	0.001662	0.001324	0.000085	0.000284	0.003379
0.000008	0.001298	0.010065	0.000104	0.000393	0.011880
0.000009	0.001396	0.009676	0.000097	0.000306	0.011500
0.000007	0.001391	0.009204	0.000123	0.000307	0.011046
0.000009	0.001460	0.003115	0.000093	0.000297	0.004988
0.000010	0.006739	0.002062	0.000104	0.000333	0.009261
0.000010	0.002180	0.007119	0.000107	0.000336	0.009770
0.000009	0.001345	0.021135	0.000098	0.000302	0.022903
0.000006	0.001483	0.001170	0.000098	0.000372	0.003144
0.000008	0.001679	0.005874	0.000148	0.000352	0.008074
0.000009	0.001345	0.054015	0.000103	0.000328	0.055815
0.000008	0.001344	0.007310	0.000117	0.000533	0.009325
0.000009	0.001373	0.001428	0.000114	0.000282	0.003219
0.000008	0.001313	0.014370	0.000179	0.000485	0.016373
0.000008	0.001295	0.001152	0.000083	0.000356	0.002908
0.000011	0.001377	0.028570	0.000107	0.000415	0.030493
0.000011	0.001287	0.000802	0.000074	0.000252	0.002436
0.000007	0.001261	0.008606	0.000107	0.000327	0.010324
0.000011	0.001680	0.035291	0.000452	0.002824	0.040276
0.000009	0.001482	0.001714	0.000287	0.000477	0.003997
0.000008	0.001613	0.001129	0.000091	0.000260	0.003115
0.000008	0.001275	0.003735	0.000098	0.000282	0.005412
0.000008	0.001495	0.007044	0.000095	0.000285	0.008941
0.000009	0.001372	0.005025	0.000263	0.001256	0.007946
0.000009	0.007563	0.003314	0.000098	0.000302	0.011307
0.000009	0.001692	0.003583	0.000109	0.000442	0.005851
0.000008	0.001300	0.001333	0.000093	0.000355	0.003103
0.000010	0.001714	0.001161	0.000087	0.002145	0.005134
0.000007	0.001386	0.013765	0.000212	0.000313	0.015696
0.000007	0.001431	0.007401	0.000102	0.000405	0.009362
0.000008	0.001748	0.002477	0.000093	0.000292	0.004636
0.000007	0.001300	0.003608	0.000098	0.000307	0.005333
0.000010	0.001318	0.007838	0.000104	0.000411	0.009697
0.000009	0.002319	0.001406	0.000092	0.000286	0.004129
0.000008	0.001314	0.001208	0.000091	0.000280	0.002916
0.000008	0.001277	0.009421	0.000095	0.002400	0.013215
0.000008	0.001407	0.002015	0.000137	0.000317	0.003899
0.000009	0.001312	0.008465	0.000101	0.000514	0.010414
0.000009	0.001447	0.026478	0.000083	0.000259	0.028288
0.000009	0.001337	0.009055	0.000106	0.000287	0.010806
0.000008	0.001386	0.009440	0.000113	0.000373	0.011335
0.000011	0.001531	0.001399	0.000099	0.000377	0.003431
0.000008	0.016729	0.009711	0.000105	0.000399	0.026966
0.000007	0.001260	0.003847	0.000098	0.002153	0.007378
0.000008	0.001270	0.007085	0.000104	0.000358	0.008838
0.000009	0.001343	0.023029	0.000111	0.000418	0.024927
0.000007	0.001312	0.001197	0.000090	0.000273	0.002891
0.000008	0.001397	0.007169	0.000092	0.000289	0.008969
0.000009	0.004184	0.001673	0.000106	0.000488	0.006478
0.000008	0.001356	0.008696	0.000272	0.000325	0.010673
0.000007	0.001346	0.007050	0.000099	0.000471	0.008990
0.000009	0.002265	0.007702	0.000097	0.000337	0.010423
0.000008	0.001320	0.001485	0.000101	0.000313	0.003243
0.000007	0.002354	0.013028	0.000089	0.000278	0.015770
0.000009	0.001828	0.010384	0.000096	0.002651	0.014984
0.000009	0.002158	0.013208	0.000068	0.000212	0.015669
0.000016	0.004895	0.018360	0.000110	0.000334	0.023732
0.000009	0.001296	0.010195	0.000079	0.000245	0.011835
0.000006	0.001319	0.001027	0.000053	0.000183	0.002597
0.000005	0.001788	0.010356	0.000112	0.000215	0.012516
0.000005	0.002402	0.003196	0.000091	0.000287	0.005994
0.000009	0.001263	0.007692	0.000100	0.000306	0.009383
0.000010	0.001350	0.009903	0.000106	0.000304	0.011690
0.000009	0.001424	0.008971	0.000100	0.000317	0.010839
0.000020	0.001365	0.019043	0.000095	0.000298	0.020831
0.000006	0.003724	0.001472	0.000089	0.000385	0.005687
0.000008	0.001320	0.001179	0.000089	0.000299	0.002908
0.000009	0.001728	0.009771	0.000109	0.000402	0.012032
0.000009	0.001400	0.004332	0.000174	0.000315	0.006244
0.000008	0.001297	0.006977	0.000107	0.000486	0.008891
0.000009	0.001347	0.001776	0.000094	0.000292	0.003531
0.000007	0.001295	0.018875	0.000071	0.000260	0.020520
0.000008	0.001301	0.027352	0.000096	0.000289	0.029060
0.000009	0.001266	0.009741	0.000108	0.000816	0.011955
0.000008	0.005172	0.012559	0.000100	0.000316	0.018172
0.000008	0.001374	0.019067	0.000103	0.000375	0.020939
0.000058	0.001351	0.018984	0.000070	0.000228	0.020702
0.000009	0.001299	0.007286	0.000111	0.003075	0.011794
0.000008	0.001781	0.001769	0.000128	0.000490	0.004193
0.000054	0.001425	0.006445	0.000133	0.001519	0.009637
0.000006	0.001295	0.001161	0.000159	0.000308	0.002942
0.000009	0.001343	0.034676	0.000110	0.000359	0.036510
0.000014	0.001802	0.035934	0.000107	0.000345	0.038215
0.000037	0.001619	0.001400	0.000095	0.000290	0.003435
0.000165	0.001281	0.010283	0.000116	0.003440	0.015304
0.000034	0.001418	0.017670	0.000110	0.000300	0.019714
0.000009	0.001361	0.017636	0.000105	0.000373	0.019535
0.000008	0.001323	0.019542	0.000207	0.000322	0.021417
0.000012	0.004524	0.018499	0.000230	0.000414	0.023702
0.000008	0.001324	0.004881	0.000137	0.000508	0.006896
0.000009	0.001457	0.001286	0.000096	0.000451	0.003313
0.000008	0.001462	0.032419	0.000110	0.000686	0.034699
0.000008	0.001288	0.022294	0.000123	0.000641	0.024368
0.000008	0.001315	0.010506	0.000336	0.001013	0.013194
0.000008	0.010975	0.015837	0.000107	0.000842	0.027795
0.000008	0.001266	0.008904	0.000106	0.000485	0.010781
0.000008	0.001288	0.000937	0.000064	0.000348	0.002655
0.000008	0.001390	0.012687	0.000100	0.002802	0.017002
0.000018	0.001578	0.008911	0.000143	0.000700	0.011370
0.000009	0.002062	0.009341	0.000106	0.000544	0.012077
0.000008	0.005474	0.001540	0.000109	0.000802	0.007951
0.000009	0.001356	0.092737	0.000107	0.000734	0.094959
0.000008	0.001344	0.018884	0.000102	0.000740	0.021095
0.000010	0.001390	0.001570	0.000096	0.000458	0.003541
0.000008	0.001328	0.001318	0.000091	0.000399	0.003158
0.000008	0.005582	0.001489	0.000102	0.000431	0.007629
0.000009	0.001483	0.001629	0.000111	0.000439	0.003933
0.000008	0.001410	0.008376	0.000109	0.000333	0.010283
0.000007	0.004086	0.014894	0.000116	0.000366	0.019484
0.000009	0.001426	0.001460	0.000100	0.000297	0.003307
0.000007	0.001315	0.001684	0.000106	0.000320	0.003449
0.000009	0.001807	0.008103	0.000115	0.002739	0.012810
0.000007	0.001258	0.021353	0.000219	0.000420	0.023287
0.000009	0.001396	0.012223	0.000106	0.000290	0.014040
0.000008	0.001303	0.007938	0.000104	0.000292	0.009658
0.000009	0.001325	0.001104	0.000077	0.000251	0.002778
0.000009	0.001335	0.001099	0.000075	0.000272	0.002801
0.000005	0.002983	0.014405	0.000091	0.001675	0.019170
0.000008	0.001317	0.005741	0.000115	0.000777	0.007971
0.000008	0.001668	0.006608	0.000158	0.000403	0.008860
0.000035	0.001909	0.013352	0.000138	0.000397	0.015845
0.000008	0.001944	0.007442	0.000093	0.000785	0.010288
0.000008	0.001359	0.012794	0.000098	0.000282	0.014553
0.000008	0.001290	0.007060	0.000104	0.000287	0.008763
0.000007	0.004119	0.022507	0.000232	0.000441	0.027321
0.000009	0.001362	0.010998	0.000106	0.000552	0.013042
0.000008	0.001650	0.010470	0.000102	0.000374	0.012620
0.000005	0.002221	0.001281	0.000097	0.000296	0.003914
0.000009	0.002126	0.013199	0.000073	0.000209	0.015627
0.000009	0.002364	0.007052	0.000124	0.000411	0.009979
0.000008	0.002549	0.012151	0.000111	0.000376	0.015211
0.000009	0.001776	0.007343	0.000109	0.000523	0.009778
0.000009	0.002057	0.001832	0.000095	0.000271	0.004279
0.000007	0.004022	0.020010	0.000073	0.000210	0.024337
0.000008	0.001600	0.009004	0.000106	0.000282	0.011013
0.000009	0.002092	0.002408	0.000274	0.001415	0.006214
0.000007	0.001312	0.017277	0.000103	0.002670	0.021385
0.000008	0.001273	0.003633	0.000106	0.000296	0.005328
0.000008	0.001423	0.007279	0.000172	0.000238	0.009132
0.000006	0.001418	0.012210	0.000072	0.000214	0.013928
0.000009	0.001674	0.014256	0.000072	0.000215	0.016236
0.000011	0.002591	0.015388	0.000114	0.000312	0.018433
0.000006	0.015263	0.001472	0.000113	0.000291	0.017158
0.000007	0.001420	0.011030	0.000074	0.000215	0.012757
0.000022	0.001551	0.006850	0.000218	0.000399	0.009053
0.000009	0.003866	0.014938	0.000115	0.000379	0.019319
0.000009	0.001376	0.001655	0.000094	0.000409	0.003557
0.000009	0.001949	0.003406	0.000098	0.000399	0.005877
0.000009	0.002088	0.033111	0.000074	0.003289	0.038587
0.000009	0.001296	0.004935	0.000099	0.000308	0.006659
0.000009	0.004338	0.001856	0.000240	0.000461	0.006926
0.000037	0.001265	0.007236	0.000112	0.000335	0.009002
0.000009	0.001418	0.018973	0.000220	0.002923	0.023563
0.000007	0.001272	0.005085	0.000106	0.000366	0.006850
0.000009	0.001351	0.009702	0.000118	0.000521	0.011716
0.000008	0.001413	0.006597	0.000106	0.000313	0.008524
0.000008	0.002087	0.012274	0.000151	0.000436	0.014972
0.000007	0.001832	0.001649	0.000102	0.000508	0.004116
0.000008	0.001492	0.001350	0.000098	0.000304	0.003266
0.000009	0.001393	0.024877	0.000074	0.000234	0.026597
0.000009	0.001381	0.008925	0.000072	0.001520	0.011918
0.000008	0.001416	0.009617	0.000115	0.000437	0.011604
0.000008	0.001301	0.001648	0.000106	0.000291	0.003366
0.000009	0.001613	0.009970	0.000112	0.000717	0.012434
0.000006	0.002074	0.011539	0.000126	0.000372	0.014134
0.000009	0.002136	0.006226	0.000075	0.000210	0.008667
0.000008	0.001593	0.006655	0.000106	0.000288	0.008666
0.000022	0.001361	0.011129	0.000109	0.000407	0.013039
0.000008	0.003329	0.007237	0.000144	0.000322	0.011059
0.000009	0.001630	0.008843	0.000115	0.000376	0.010985
0.000009	0.001374	0.019069	0.000100	0.000293	0.020857
0.000008	0.001361	0.007592	0.000114	0.002831	0.011921
0.000009	0.001295	0.005167	0.000112	0.000313	0.006908
0.000008	0.001390	0.030175	0.000130	0.000331	0.032045
0.000009	0.002244	0.008030	0.000118	0.000462	0.010880
0.000009	0.005232	0.014799	0.000115	0.000414	0.020585
0.000009	0.001305	0.001170	0.000095	0.000258	0.002850
0.000007	0.001321	0.012279	0.000196	0.000313	0.014133
0.000009	0.001767	0.001416	0.000098	0.000295	0.003599
0.000008	0.001335	0.020454	0.000078	0.000217	0.022102
0.000007	0.001281	0.007219	0.000106	0.002411	0.011037
0.000008	0.001318	0.007090	0.000118	0.000500	0.009052
0.000011	0.003893	0.010488	0.000102	0.000322	0.014839
0.000011	0.001410	0.027247	0.000100	0.000291	0.029068
0.000007	0.001310	0.010606	0.000214	0.000372	0.012529
0.000009	0.001366	0.010661	0.000109	0.000336	0.012494
0.000008	0.001381	0.005298	0.000472	0.001219	0.008424
0.000009	0.001373	0.007576	0.000100	0.000311	0.009383
0.000007	0.002547	0.009495	0.000106	0.000404	0.012575
0.000007	0.001353	0.001493	0.000096	0.000287	0.003254
0.000008	0.001471	0.009235	0.000071	0.000188	0.010984
0.000009	0.001409	0.010960	0.000106	0.003115	0.015614
0.000010	0.001432	0.030268	0.000103	0.000337	0.032170
0.000008	0.003614	0.020095	0.000110	0.000313	0.024155
0.000008	0.001319	0.013761	0.000103	0.000416	0.015621
0.000007	0.001281	0.003026	0.000107	0.000315	0.004751
0.000008	0.001341	0.011223	0.000093	0.002368	0.015047
0.000008	0.001363	0.018288	0.000117	0.000497	0.020286
0.000011	0.007391	0.001573	0.000113	0.000322	0.009426
0.000008	0.001389	0.001277	0.000093	0.000309	0.003089
0.000008	0.003966	0.019494	0.000072	0.000280	0.023831
0.000012	0.001332	0.007773	0.000128	0.000460	0.009716
0.000005	0.002190	0.020267	0.000072	0.000212	0.022755
0.000009	0.007127	0.001836	0.000193	0.000374	0.009568
0.000007	0.001654	0.000919	0.000071	0.000415	0.003075
0.000011	0.001794	0.009559	0.000103	0.000279	0.011775
0.000006	0.001346	0.012433	0.000101	0.002144	0.016042
0.000009	0.001297	0.006872	0.000121	0.000400	0.008712
0.000010	0.001746	0.011406	0.000098	0.000279	0.013551
0.000008	0.001300	0.006801	0.000131	0.000426	0.008680
0.000009	0.001381	0.010039	0.000100	0.000319	0.011860
0.000008	0.001375	0.016831	0.000075	0.000208	0.018508
0.000009	0.001389	0.001667	0.000101	0.000361	0.003542
0.000008	0.001388	0.009781	0.000384	0.000416	0.011998
0.000008	0.001308	0.003277	0.000107	0.000314	0.005028
0.000008	0.001262	0.007349	0.000107	0.000477	0.009217
0.000009	0.001359	0.001101	0.000108	0.000854	0.003451
0.000007	0.004259	0.001607	0.000141	0.000301	0.006331
0.000008	0.001270	0.008653	0.000116	0.000385	0.010448
0.000008	0.001269	0.009034	0.000104	0.000293	0.010721
0.000008	0.001293	0.007224	0.000103	0.000387	0.009028
0.000007	0.001353	0.007034	0.000068	0.000201	0.008674
0.000009	0.001539	0.010509	0.000074	0.000216	0.012356
0.000005	0.001440	0.004305	0.000080	0.000212	0.006054
0.000006	0.001448	0.016897	0.000173	0.000540	0.019080
0.000009	0.001270	0.016469	0.000076	0.000258	0.018093
0.000008	0.001273	0.001210	0.000065	0.000279	0.002845
0.000008	0.001259	0.006572	0.000093	0.000234	0.008178
0.000009	0.001873	0.009236	0.000078	0.000217	0.011423
0.000009	0.001322	0.009859	0.000110	0.000306	0.011618
0.000008	0.001426	0.025424	0.000107	0.001592	0.028573
0.000019	0.001847	0.008970	0.000107	0.000319	0.011277
0.000008	0.003781	0.002749	0.000110	0.000363	0.007026
0.000008	0.001529	0.009300	0.000170	0.000402	0.011424
0.000009	0.001903	0.007370	0.000116	0.000408	0.009822
0.000008	0.001502	0.001500	0.000103	0.000371	0.003499
0.000018	0.001645	0.012116	0.000111	0.000446	0.014373
0.000006	0.001758	0.001349	0.000097	0.000278	0.003502
0.000009	0.002055	0.009981	0.000108	0.000298	0.012467
0.000009	0.002060	0.009168	0.000071	0.002077	0.013399
0.000009	0.002038	0.009722	0.000112	0.000334	0.012229
0.000009	0.006982	0.001494	0.000101	0.000290	0.008892
0.000007	0.001361	0.007863	0.000114	0.000388	0.009749
0.000007	0.001409	0.023517	0.000167	0.000222	0.025334
0.000009	0.001319	0.008437	0.000108	0.001891	0.011777
0.000009	0.001259	0.018682	0.000073	0.000216	0.020248
0.000006	0.009920	0.028880	0.000084	0.000227	0.039126
0.000009	0.001306	0.007097	0.000228	0.000358	0.009013
0.000008	0.001282	0.014598	0.000098	0.000286	0.016285
0.000015	0.001313	0.011808	0.000124	0.000365	0.013637
0.000009	0.001359	0.002374	0.000171	0.000407	0.004341
0.000008	0.001263	0.007592	0.000100	0.000563	0.009540
0.000012	0.002098	0.014697	0.000111	0.000377	0.017308
0.000009	0.001324	0.013269	0.000099	0.000283	0.014996
0.000008	0.002442	0.011642	0.000112	0.000339	0.014559
0.000007	0.001308	0.010639	0.000073	0.000206	0.012244
0.000007	0.002003	0.010617	0.000118	0.000405	0.013163
0.000008	0.001415	0.001453	0.000092	0.000286	0.003301
0.000011	0.001933	0.011482	0.000106	0.000395	0.013941
0.000008	0.001317	0.011060	0.000075	0.000214	0.012685
0.000008	0.001436	0.058636	0.000074	0.000207	0.060371
0.000010	0.001310	0.011658	0.000155	0.002436	0.015585
0.000007	0.001318	0.013400	0.000107	0.000320	0.015168
0.000013	0.001439	0.023487	0.000074	0.000233	0.025261
0.000007	0.001277	0.008888	0.000073	0.000268	0.010522
0.000008	0.001318	0.007663	0.000108	0.000333	0.009460
0.000013	0.002033	0.017148	0.000103	0.000310	0.019625
0.000009	0.001404	0.025178	0.000116	0.000290	0.027009
0.000009	0.001412	0.001971	0.000114	0.000314	0.003844
0.000007	0.001422	0.006497	0.000107	0.000332	0.008380
0.000009	0.004502	0.001561	0.000106	0.000306	0.006497
0.000008	0.002040	0.011370	0.000112	0.000306	0.013853
0.000007	0.001684	0.003718	0.000235	0.000427	0.006089
0.000008	0.001421	0.009921	0.000174	0.000992	0.012532
0.000009	0.001393	0.008916	0.000154	0.000301	0.010788
0.000009	0.001374	0.025570	0.000111	0.000522	0.027601
0.000009	0.001345	0.001394	0.000100	0.000293	0.003158
0.000008	0.001348	0.007004	0.000141	0.000363	0.008880
0.000009	0.019340	0.002406	0.000108	0.000299	0.022177
0.000009	0.001408	0.001228	0.000096	0.000278	0.003031
0.000008	0.001262	0.008752	0.000106	0.000834	0.010976
0.000009	0.001864	0.006290	0.000092	0.001994	0.010265
0.000008	0.001261	0.025149	0.000148	0.000362	0.026946
0.000009	0.001409	0.024790	0.000098	0.000356	0.026674
0.000007	0.001353	0.007062	0.000075	0.000216	0.008746
0.000008	0.001264	0.009777	0.000090	0.000335	0.011541
0.000006	0.001291	0.000836	0.000071	0.000201	0.002415
0.000007	0.001359	0.026415	0.000082	0.000241	0.028115
0.000006	0.001224	0.009226	0.000113	0.000564	0.011146
0.000009	0.001382	0.001379	0.000098	0.000324	0.003207
0.000007	0.001271	0.008847	0.000100	0.000285	0.010522
0.000008	0.005456	0.021188	0.000225	0.000378	0.027270
0.000009	0.001684	0.001450	0.000104	0.000487	0.003755
0.000009	0.001371	0.012993	0.000109	0.000316	0.014811
0.000009	0.002314	0.007197	0.000117	0.000380	0.010038
0.000010	0.001353	0.001497	0.000098	0.002690	0.005662
0.000008	0.001447	0.001281	0.000105	0.000300	0.003156
0.000007	0.001280	0.004827	0.000108	0.000307	0.006546
0.000008	0.001380	0.014909	0.000100	0.000288	0.016699
0.000008	0.001289	0.007615	0.000112	0.000296	0.009338
0.000009	0.001290	0.008953	0.000107	0.000348	0.010719
0.000008	0.001349	0.043196	0.000110	0.000337	0.045013
0.000010	0.001399	0.007602	0.000186	0.000321	0.009533
0.000008	0.001319	0.008996	0.000108	0.000362	0.010807
0.000006	0.004084	0.001495	0.000101	0.000301	0.006002
0.000007	0.001302	0.010562	0.000099	0.001831	0.013812
0.000008	0.002143	0.000834	0.000101	0.000446	0.003544
0.000008	0.002279	0.005334	0.000253	0.000526	0.008417
0.000009	0.001370	0.009542	0.000120	0.000493	0.011551
0.000006	0.001321	0.009802	0.000135	0.000309	0.011588
0.000009	0.001360	0.013086	0.000104	0.000307	0.014879
0.000008	0.002125	0.005356	0.000106	0.000311	0.007920
0.000008	0.001347	0.011815	0.000165	0.000375	0.013727
0.000012	0.001704	0.004136	0.000646	0.000583	0.007106
0.000008	0.001307	0.018856	0.000104	0.001791	0.022080
0.000009	0.060340	0.001181	0.000100	0.002273	0.064144
