frame	osa	sroa	vicon	draw	total
0.074	0.058	0.000	0.013	0.000	0.145
0.059	0.025	0.000	0.015	0.000	0.099
0.060	0.013	0.000	0.012	0.000	0.085
0.037	0.013	0.000	0.013	0.000	0.063
0.065	0.071	0.001	0.013	0.000	0.149
0.038	0.010	0.000	0.009	0.000	0.057
0.029	0.008	0.000	0.011	0.000	0.049
0.077	0.023	0.001	0.011	0.000	0.112
0.036	0.009	0.178	0.013	0.000	0.236
0.046	0.025	0.000	0.010	0.000	0.082
0.035	0.011	0.000	0.012	0.000	0.058
0.022	0.026	0.000	0.013	0.000	0.063
0.026	0.012	0.000	0.014	0.000	0.052
0.041	0.076	0.000	0.009	0.000	0.126
0.021	0.025	0.000	0.010	0.000	0.056
0.045	1.927	0.001	0.012	0.000	1.985
0.013	0.007	0.000	0.009	0.000	0.029
0.015	0.028	0.000	0.012	0.000	0.056
0.012	0.007	0.000	0.011	0.000	0.030
0.016	0.051	0.001	0.014	0.030	0.112
0.023	0.070	0.000	0.007	0.000	0.100
0.023	0.056	0.000	0.012	0.000	0.092
0.015	0.034	0.000	0.013	0.000	0.063
0.022	0.032	0.000	0.010	0.000	0.065
0.030	0.118	0.000	0.013	0.000	0.161
0.051	0.025	0.000	0.012	0.000	0.088
0.113	0.023	0.001	0.014	0.000	0.150
0.039	0.026	0.001	0.011	0.000	0.077
0.038	0.029	0.000	0.013	0.000	0.081
0.041	0.024	0.047	0.007	0.000	0.119
0.047	0.026	0.000	0.008	0.000	0.081
0.085	0.023	0.000	0.010	0.000	0.119
0.084	0.020	0.000	0.010	0.000	0.116
0.040	0.029	0.000	0.013	0.000	0.082
0.036	0.070	0.000	0.011	0.000	0.116
0.025	0.114	0.000	0.010	0.000	0.149
0.012	0.067	0.046	0.011	0.000	0.136
0.062	0.071	0.000	0.008	0.000	0.141
0.034	0.021	0.000	0.011	0.000	0.067
0.045	0.025	0.000	0.012	0.028	0.110
0.010	0.022	0.000	0.008	0.000	0.040
0.125	0.025	0.001	0.012	0.000	0.163
0.034	0.030	0.000	0.010	0.000	0.075
0.106	0.056	0.000	0.009	0.000	0.172
0.110	0.025	0.000	0.013	0.000	0.148
0.108	0.035	0.000	0.009	0.000	0.153
0.044	0.029	0.041	0.009	0.000	0.123
0.054	0.031	0.000	0.007	0.000	0.092
0.021	0.036	0.043	0.013	0.000	0.113
0.066	0.022	0.000	0.010	0.000	0.099
0.019	0.032	0.000	0.012	0.000	0.063
0.127	0.018	0.000	0.012	0.000	0.158
0.122	0.030	0.001	0.012	0.000	0.164
0.038	0.025	0.000	0.010	0.000	0.073
0.036	0.060	0.000	0.013	0.000	0.109
0.035	0.073	0.001	0.009	0.000	0.117
0.035	0.047	0.000	0.009	0.000	0.092
0.044	0.025	0.000	0.008	0.000	0.077
0.110	0.077	0.045	0.010	0.000	0.242
0.063	0.081	0.047	0.010	0.054	0.255
0.102	0.030	0.000	0.013	0.000	0.145
0.067	0.038	0.000	0.012	0.000	0.118
0.070	0.030	0.000	0.010	0.000	0.110
0.031	0.037	0.000	0.009	0.000	0.077
0.032	0.092	0.000	0.013	0.000	0.138
0.035	0.027	0.000	0.011	0.000	0.073
0.031	0.031	0.000	0.012	0.000	0.074
0.052	0.024	0.000	0.011	0.000	0.088
0.087	0.021	0.000	0.010	0.000	0.119
0.091	0.024	0.000	0.013	0.000	0.129
0.043	0.059	0.000	0.011	0.000	0.114
0.022	0.036	0.000	0.013	0.000	0.071
0.040	0.025	0.000	0.010	0.000	0.076
0.129	0.028	0.000	0.007	0.000	0.164
0.043	0.031	0.000	0.013	0.000	0.088
0.042	0.028	0.001	0.009	0.000	0.080
0.037	0.027	0.001	0.015	0.000	0.080
0.048	0.049	0.000	0.010	0.000	0.108
0.130	0.036	0.000	0.014	0.000	0.180
0.034	0.009	0.048	0.011	0.059	0.161
0.024	0.023	0.001	0.013	0.000	0.061
0.037	0.021	0.000	0.008	0.000	0.066
0.029	0.108	0.000	0.007	0.000	0.145
0.083	0.020	0.000	0.012	0.000	0.115
0.044	0.060	0.000	0.012	0.000	0.116
0.015	0.051	0.001	0.014	0.000	0.081
0.022	0.040	0.000	0.011	0.000	0.073
0.069	0.037	0.001	0.012	0.000	0.119
0.066	0.032	0.051	0.010	0.000	0.158
0.048	0.023	0.000	0.014	0.000	0.085
0.086	2.817	0.000	0.010	0.000	2.914
0.021	0.011	0.000	0.011	0.000	0.044
0.013	0.021	0.000	0.011	0.000	0.045
0.017	0.026	0.000	0.010	0.000	0.054
0.010	0.009	0.000	0.009	0.000	0.029
0.025	0.033	0.000	0.013	0.000	0.071
0.023	0.029	0.000	0.008	0.000	0.060
0.019	0.022	0.000	0.011	0.000	0.052
0.012	0.011	0.000	0.012	0.000	0.035
0.027	0.043	0.000	0.014	0.031	0.115
0.024	0.070	0.000	0.014	0.000	0.107
0.019	0.084	0.001	0.009	0.000	0.112
0.018	0.030	0.000	0.009	0.000	0.058
0.022	0.049	0.001	0.013	0.000	0.085
0.038	0.029	0.052	0.010	0.000	0.129
0.030	0.040	0.003	0.010	0.000	0.083
0.039	0.022	0.000	0.009	0.000	0.071
0.125	0.017	0.000	0.012	0.000	0.155
0.031	0.036	0.001	0.011	0.000	0.079
0.029	0.024	0.000	0.009	0.000	0.063
0.037	0.071	0.000	0.011	0.000	0.119
0.061	0.072	0.000	0.008	0.000	0.141
0.024	0.105	0.000	0.010	0.000	0.140
0.034	0.123	0.000	0.013	0.000	0.171
0.035	0.032	0.000	0.010	0.000	0.077
0.032	0.053	0.001	0.013	0.000	0.100
0.102	0.025	0.044	0.011	0.000	0.181
0.059	0.079	0.040	0.010	0.000	0.189
0.068	0.034	0.000	0.013	0.000	0.116
0.038	0.069	0.000	0.011	0.036	0.154
0.029	0.037	0.000	0.013	0.000	0.079
0.095	0.027	0.001	0.010	0.000	0.132
0.037	0.032	0.043	0.008	0.000	0.121
0.030	0.039	0.000	0.009	0.000	0.078
0.030	0.052	0.000	0.012	0.000	0.094
0.035	0.030	0.000	0.008	0.000	0.074
0.035	0.035	0.001	0.011	0.000	0.081
0.038	0.028	0.000	0.014	0.000	0.080
0.042	0.023	0.000	0.009	0.000	0.075
0.038	0.032	0.000	0.010	0.000	0.081
0.125	0.032	0.000	0.010	0.000	0.168
0.047	0.095	0.001	0.012	0.000	0.155
0.022	0.095	0.000	0.007	0.000	0.125
0.063	0.038	0.000	0.013	0.000	0.114
0.045	0.026	0.000	0.012	0.000	0.084
0.126	0.013	0.001	0.012	0.000	0.151
0.038	0.030	0.001	0.014	0.000	0.082
0.040	0.027	0.000	0.010	0.000	0.078
0.032	0.035	0.000	0.016	0.000	0.083
0.067	0.034	0.000	0.011	0.028	0.140
0.044	0.031	0.000	0.010	0.000	0.086
0.036	0.034	0.001	0.013	0.000	0.083
0.071	0.038	0.000	0.008	0.000	0.116
0.042	0.022	0.001	0.016	0.000	0.080
0.034	0.034	0.000	0.014	0.000	0.083
0.038	0.023	0.000	0.011	0.000	0.072
0.069	0.102	0.000	0.012	0.000	0.182
0.031	0.023	0.000	0.011	0.000	0.066
0.130	0.032	0.000	0.014	0.000	0.176
0.034	0.034	0.000	0.010	0.000	0.078
0.044	0.098	0.001	0.012	0.000	0.155
0.063	0.030	0.000	0.008	0.000	0.101
0.026	0.024	0.001	0.012	0.000	0.063
0.036	0.024	0.000	0.010	0.000	0.071
0.034	0.024	0.000	0.010	0.000	0.069
0.031	0.093	0.000	0.013	0.000	0.137
0.042	0.076	0.000	0.009	0.000	0.127
0.033	0.094	0.000	0.012	0.000	0.140
0.040	0.029	0.000	0.012	0.000	0.082
0.039	0.021	0.000	0.010	0.029	0.100
0.056	0.030	0.000	0.012	0.000	0.099
0.032	0.023	0.000	0.008	0.000	0.063
0.027	0.111	0.000	0.008	0.000	0.146
0.019	0.031	0.000	0.012	0.000	0.062
0.087	0.020	0.000	0.014	0.000	0.121
0.044	0.037	0.001	0.014	0.000	0.095
0.036	0.024	0.000	0.012	0.000	0.072
0.034	0.025	0.000	0.011	0.000	0.070
0.044	0.076	0.001	0.012	0.000	0.132
0.033	0.024	0.001	0.009	0.000	0.067
0.032	0.029	0.000	0.017	0.000	0.078
0.044	0.027	0.000	0.014	0.000	0.085
0.044	0.020	0.000	0.007	0.000	0.072
0.029	0.040	0.000	0.007	0.000	0.076
0.037	0.038	0.000	0.010	0.000	0.085
0.033	0.032	0.000	0.012	0.000	0.077
0.035	0.075	0.001	0.015	0.000	0.126
0.025	0.041	0.001	0.013	0.000	0.079
0.083	0.021	0.000	0.009	0.000	0.114
0.056	0.036	0.001	0.015	0.029	0.136
0.077	0.021	0.000	0.010	0.000	0.108
0.040	0.039	0.000	0.014	0.000	0.094
0.036	0.021	0.000	0.009	0.000	0.067
0.127	0.020	0.000	0.013	0.000	0.161
0.039	0.024	0.001	0.012	0.000	0.076
0.124	0.041	0.000	0.014	0.000	0.179
0.034	0.058	0.000	0.011	0.000	0.103
0.102	0.038	0.001	0.012	0.000	0.153
0.041	0.026	0.000	0.010	0.000	0.077
0.034	0.031	0.000	0.010	0.000	0.076
0.031	0.093	0.001	0.011	0.000	0.135
0.013	0.008	0.000	0.013	0.000	0.034
0.045	0.021	0.000	0.009	0.000	0.075
0.030	0.094	0.000	0.010	0.000	0.135
0.029	0.019	0.000	0.012	0.000	0.060
0.048	0.022	0.001	0.011	0.000	0.082
0.037	0.033	0.000	0.012	0.000	0.082
0.034	0.030	0.000	0.010	0.000	0.075
0.036	0.029	0.041	0.014	0.000	0.120
0.051	0.043	0.001	0.014	0.040	0.148
0.027	0.095	0.000	0.013	0.000	0.136
0.040	0.024	0.000	0.008	0.000	0.073
0.027	0.038	0.000	0.008	0.000	0.074
0.030	0.121	0.000	0.011	0.000	0.162
0.024	0.059	0.000	0.010	0.000	0.094
0.081	0.021	0.000	0.013	0.000	0.115
0.101	0.051	0.000	0.012	0.000	0.164
0.040	0.010	0.000	0.013	0.000	0.063
0.038	0.030	0.000	0.011	0.000	0.079
0.037	0.031	0.000	0.010	0.000	0.079
0.034	0.041	0.000	0.013	0.000	0.089
0.071	0.029	0.000	0.008	0.000	0.108
0.062	0.023	0.001	0.016	0.000	0.102
0.038	0.021	0.000	0.010	0.000	0.070
0.034	0.028	0.001	0.010	0.000	0.072
0.032	0.039	0.000	0.010	0.000	0.081
0.035	0.024	0.000	0.014	0.000	0.074
0.037	0.035	0.001	0.011	0.000	0.084
0.035	0.031	0.053	0.013	0.000	0.132
0.065	0.030	0.000	0.012	0.035	0.142
0.013	0.026	0.000	0.010	0.000	0.049
0.032	0.039	0.000	0.013	0.000	0.085
0.043	0.029	0.000	0.008	0.000	0.080
0.035	0.022	0.000	0.007	0.000	0.064
0.033	0.069	0.000	0.009	0.000	0.112
0.034	0.075	0.000	0.011	0.000	0.120
0.039	0.039	0.046	0.011	0.000	0.135
0.066	0.021	0.001	0.012	0.000	0.100
0.033	0.024	0.000	0.012	0.000	0.069
0.045	0.060	0.000	0.012	0.000	0.117
0.036	0.028	0.001	0.011	0.000	0.076
0.032	0.023	0.001	0.018	0.000	0.074
0.041	0.025	0.000	0.013	0.000	0.080
0.033	0.029	0.000	0.008	0.000	0.070
0.025	0.019	0.000	0.009	0.000	0.053
0.076	0.019	0.044	0.012	0.000	0.151
0.034	0.037	0.000	0.012	0.000	0.083
0.046	0.031	0.001	0.014	0.000	0.091
0.045	0.109	0.000	0.010	0.000	0.164
0.165	0.060	0.000	0.011	0.029	0.265
0.084	0.024	0.000	0.012	0.000	0.121
0.024	0.030	0.000	0.007	0.000	0.062
0.028	0.106	0.001	0.011	0.000	0.146
0.031	0.023	0.000	0.013	0.000	0.068
0.056	0.111	0.000	0.012	0.000	0.180
0.064	0.023	0.000	0.011	0.000	0.099
0.021	0.091	0.000	0.012	0.000	0.124
0.070	0.030	0.000	0.011	0.000	0.111
0.030	0.039	0.000	0.013	0.000	0.081
0.074	0.033	0.001	0.013	0.000	0.120
0.033	0.031	0.000	0.008	0.000	0.073
0.124	0.028	0.000	0.010	0.000	0.162
0.127	0.028	0.000	0.012	0.000	0.168
0.049	0.052	0.000	0.011	0.000	0.112
0.029	0.040	0.000	0.012	0.000	0.080
0.068	0.031	0.000	0.012	0.000	0.111
0.030	0.037	0.000	0.011	0.000	0.078
0.023	0.051	0.000	0.014	0.000	0.089
0.035	0.030	0.000	0.011	0.000	0.077
0.032	0.032	0.048	0.007	0.049	0.168
0.073	0.021	0.038	0.010	0.000	0.142
0.033	0.024	0.000	0.011	0.000	0.068
0.037	0.011	0.001	0.012	0.000	0.061
0.038	0.027	0.000	0.011	0.000	0.077
0.126	0.034	0.000	0.012	0.000	0.173
0.036	0.031	0.000	0.011	0.000	0.078
0.047	0.105	0.000	0.011	0.000	0.164
0.041	0.047	0.000	0.010	0.000	0.098
0.022	0.010	0.044	0.008	0.000	0.084
0.040	0.026	0.000	0.011	0.000	0.077
0.024	0.074	0.000	0.008	0.000	0.107
0.041	0.040	0.000	0.010	0.000	0.091
0.070	0.097	0.000	0.010	0.000	0.177
0.013	0.079	0.038	0.011	0.000	0.142
0.072	0.021	0.000	0.011	0.000	0.104
0.033	0.022	0.000	0.011	0.000	0.066
0.034	0.028	0.001	0.013	0.000	0.076
0.070	0.042	0.000	0.010	0.000	0.122
0.032	0.030	0.000	0.009	0.000	0.070
0.107	0.072	0.000	0.010	0.028	0.217
0.013	0.038	0.000	0.010	0.000	0.061
0.111	0.054	0.000	0.010	0.000	0.176
0.100	0.038	0.000	0.010	0.000	0.149
0.043	0.029	0.000	0.010	0.000	0.083
0.038	0.024	0.000	0.010	0.000	0.072
0.051	0.050	0.000	0.010	0.000	0.112
0.043	0.030	0.000	0.011	0.000	0.083
0.035	0.074	0.000	0.012	0.000	0.121
0.012	0.022	0.000	0.011	0.000	0.044
0.074	0.031	0.000	0.014	0.000	0.119
0.035	0.032	0.000	0.013	0.000	0.081
0.092	0.021	0.000	0.010	0.000	0.123
0.033	0.029	0.000	0.011	0.000	0.073
0.041	0.038	0.000	0.012	0.000	0.091
0.036	0.033	0.000	0.011	0.000	0.080
0.037	0.022	0.000	0.012	0.000	0.071
0.033	0.027	0.000	0.009	0.000	0.070
0.039	0.053	0.000	0.011	0.000	0.104
0.038	0.083	0.000	0.007	0.000	0.128
0.035	0.053	0.000	0.009	0.026	0.124
0.025	0.045	0.000	0.013	0.000	0.083
0.048	0.024	0.000	0.013	0.000	0.085
0.044	0.022	0.000	0.012	0.000	0.079
0.048	0.096	0.000	0.010	0.000	0.155
0.031	0.030	0.000	0.013	0.000	0.075
0.035	0.031	0.000	0.014	0.000	0.080
0.035	0.097	0.000	0.013	0.000	0.145
0.032	0.012	0.000	0.011	0.000	0.056
0.037	0.025	0.000	0.008	0.000	0.070
0.028	0.119	0.000	0.011	0.000	0.158
0.035	0.033	0.000	0.010	0.000	0.078
0.032	0.111	0.001	0.012	0.000	0.156
0.038	0.046	0.000	0.010	0.000	0.094
0.032	0.032	0.000	0.012	0.000	0.076
0.024	0.044	0.000	0.014	0.000	0.082
0.040	0.098	0.000	0.010	0.000	0.148
0.037	0.042	0.038	0.011	0.000	0.127
0.061	0.047	0.000	0.009	0.000	0.117
0.024	0.014	0.000	0.011	0.000	0.048
0.040	0.024	0.001	0.012	0.030	0.109
0.026	0.062	0.000	0.010	0.000	0.098
0.061	0.033	0.000	0.013	0.000	0.108
0.037	0.029	0.000	0.010	0.000	0.077
0.034	0.028	0.000	0.009	0.000	0.072
0.052	0.030	0.001	0.013	0.000	0.096
0.039	0.027	0.000	0.010	0.000	0.077
0.033	0.021	0.000	0.011	0.000	0.065
0.043	0.031	0.000	0.010	0.000	0.084
0.107	0.054	0.000	0.011	0.000	0.172
0.107	0.029	0.000	0.011	0.000	0.148
0.035	0.031	0.043	0.012	0.000	0.121
0.043	0.042	0.000	0.014	0.000	0.100
0.041	0.092	0.001	0.013	0.000	0.147
0.014	0.046	0.001	0.013	0.000	0.074
0.029	0.030	0.000	0.010	0.000	0.069
0.032	0.040	0.000	0.012	0.000	0.085
0.038	0.035	0.000	0.008	0.000	0.082
0.046	0.019	0.000	0.009	0.000	0.074
0.066	0.046	0.000	0.010	0.000	0.123
0.061	0.104	0.001	0.013	0.029	0.207
0.017	0.040	0.000	0.010	0.000	0.067
0.036	0.092	0.001	0.011	0.000	0.140
0.059	0.028	0.000	0.011	0.000	0.099
0.035	0.057	0.000	0.012	0.000	0.105
0.038	0.067	0.000	0.011	0.000	0.116
0.100	0.027	0.000	0.011	0.000	0.137
0.039	0.025	0.000	0.009	0.000	0.074
0.030	0.049	0.000	0.006	0.000	0.085
0.036	0.052	0.000	0.011	0.000	0.100
0.054	0.053	0.000	0.010	0.000	0.117
0.050	0.039	0.000	0.013	0.000	0.102
0.038	0.028	0.001	0.011	0.000	0.077
0.035	0.071	0.000	0.012	0.000	0.119
0.024	0.012	0.000	0.011	0.000	0.047
0.040	0.030	0.000	0.010	0.000	0.080
0.066	0.034	0.052	0.010	0.000	0.161
0.154	0.030	0.001	0.011	0.000	0.196
0.035	0.029	0.000	0.013	0.000	0.077
0.035	0.030	0.041	0.009	0.000	0.115
0.040	0.032	0.000	0.014	0.031	0.118
0.065	0.073	0.000	0.009	0.000	0.148
0.020	0.067	0.000	0.012	0.000	0.100
0.041	0.027	0.001	0.013	0.000	0.081
0.037	0.034	0.001	0.013	0.000	0.085
0.046	0.077	0.000	0.008	0.000	0.131
0.037	0.024	0.000	0.010	0.000	0.072
0.032	0.032	0.000	0.012	0.000	0.076
0.047	0.091	0.000	0.010	0.000	0.148
0.027	0.043	0.000	0.013	0.000	0.083
0.038	0.028	0.000	0.011	0.000	0.078
0.030	0.028	0.000	0.009	0.000	0.068
0.032	0.072	0.000	0.011	0.000	0.116
0.023	0.027	0.000	0.014	0.000	0.064
0.044	0.094	0.000	0.014	0.000	0.153
0.066	0.030	0.000	0.008	0.000	0.105
0.060	0.024	0.000	0.019	0.000	0.104
0.035	0.022	0.001	0.014	0.000	0.072
0.068	0.032	0.000	0.010	0.000	0.110
0.040	0.036	0.000	0.013	0.000	0.089
0.035	0.024	0.000	0.011	0.029	0.098
0.042	0.096	0.001	0.012	0.000	0.151
0.101	0.030	0.001	0.014	0.000	0.146
0.125	0.069	0.000	0.008	0.000	0.202
0.034	0.023	0.000	0.007	0.000	0.065
0.036	0.032	0.051	0.011	0.000	0.129
0.049	0.039	0.000	0.013	0.000	0.102
0.054	0.032	0.001	0.011	0.000	0.098
0.130	0.026	0.000	0.011	0.000	0.168
0.032	0.022	0.000	0.011	0.000	0.066
0.036	0.036	0.001	0.014	0.000	0.087
0.042	0.023	0.000	0.014	0.000	0.080
0.112	0.023	0.045	0.010	0.000	0.191
0.035	0.042	0.000	0.009	0.000	0.086
0.031	0.027	0.049	0.013	0.000	0.120
0.034	0.028	0.000	0.011	0.000	0.073
0.048	0.049	0.000	0.011	0.000	0.109
0.061	0.024	0.000	0.011	0.000	0.097
0.051	0.100	0.001	0.013	0.000	0.164
0.024	0.037	0.000	0.013	0.000	0.074
0.039	0.021	0.000	0.011	0.031	0.102
0.043	0.032	0.000	0.013	0.000	0.089
0.067	0.072	0.000	0.007	0.000	0.146
0.029	0.022	0.000	0.010	0.000	0.062
0.037	0.075	0.000	0.010	0.000	0.123
0.068	0.030	0.000	0.012	0.000	0.111
0.035	0.023	0.000	0.012	0.000	0.071
0.036	0.031	0.000	0.010	0.000	0.078
0.035	0.072	0.001	0.011	0.000	0.118
0.020	0.014	0.000	0.012	0.000	0.047
0.039	0.024	0.037	0.010	0.000	0.110
0.086	0.027	0.000	0.012	0.000	0.125
0.045	0.024	0.000	0.008	0.000	0.077
0.033	0.008	0.000	0.009	0.000	0.050
0.014	0.028	0.001	0.016	0.000	0.058
0.052	0.027	0.000	0.011	0.000	0.090
0.033	0.077	0.000	0.013	0.000	0.123
0.023	0.041	0.000	0.014	0.000	0.079
0.036	0.029	0.000	0.011	0.000	0.077
0.033	0.073	0.000	0.013	0.000	0.120
0.084	0.028	0.000	0.010	0.028	0.151
0.069	0.023	0.001	0.013	0.000	0.106
0.046	0.049	0.000	0.008	0.000	0.104
0.022	0.079	0.000	0.009	0.000	0.110
0.108	0.059	0.001	0.014	0.000	0.181
0.014	0.058	0.000	0.010	0.000	0.083
0.020	0.030	0.000	0.009	0.000	0.060
0.107	0.066	0.000	0.010	0.000	0.183
0.037	0.076	0.001	0.015	0.000	0.128
0.025	0.024	0.001	0.016	0.000	0.065
0.046	0.119	0.040	0.009	0.000	0.213
0.058	0.020	0.000	0.007	0.000	0.085
0.038	0.041	0.001	0.010	0.000	0.090
0.070	0.033	0.000	0.009	0.000	0.113
0.032	0.070	0.000	0.012	0.000	0.114
0.038	0.034	0.000	0.009	0.000	0.082
0.031	0.098	0.000	0.011	0.000	0.140
0.058	0.032	0.000	0.012	0.000	0.102
0.030	0.032	0.000	0.010	0.000	0.073
0.046	0.031	0.000	0.012	0.000	0.090
0.034	0.035	0.000	0.008	0.025	0.102
0.084	0.072	0.038	0.010	0.000	0.204
0.060	0.022	0.000	0.012	0.000	0.095
0.039	0.017	0.042	0.013	0.000	0.111
0.039	0.026	0.000	0.011	0.000	0.077
0.037	0.056	0.000	0.012	0.000	0.105
0.035	0.084	0.001	0.011	0.000	0.131
0.039	0.034	0.000	0.013	0.000	0.086
0.128	0.018	0.000	0.008	0.000	0.155
0.102	0.115	0.000	0.008	0.000	0.225
0.089	0.038	0.000	0.013	0.000	0.141
0.084	0.020	0.000	0.010	0.000	0.115
0.109	0.057	0.000	0.013	0.000	0.179
0.040	0.059	0.000	0.010	0.000	0.109
0.104	0.054	0.000	0.013	0.000	0.172
0.024	0.021	0.044	0.007	0.000	0.097
0.028	0.048	0.001	0.014	0.000	0.090
0.035	0.022	0.047	0.010	0.000	0.114
0.035	0.026	0.000	0.010	0.000	0.071
0.043	0.029	0.050	0.009	0.000	0.131
0.035	0.035	0.000	0.010	0.041	0.122
0.065	0.029	0.000	0.011	0.000	0.106
0.083	0.022	0.048	0.017	0.000	0.170
0.034	0.029	0.000	0.013	0.000	0.077
0.081	0.021	0.000	0.009	0.000	0.112
0.032	0.039	0.001	0.012	0.000	0.084
0.033	0.073	0.000	0.009	0.000	0.116
0.040	0.028	0.001	0.014	0.000	0.084
0.038	0.028	0.000	0.016	0.000	0.082
0.039	0.021	0.000	0.010	0.000	0.071
0.032	0.041	0.000	0.010	0.000	0.084
0.069	0.042	0.001	0.013	0.000	0.125
0.066	0.094	0.000	0.011	0.000	0.172
0.103	0.020	0.047	0.008	0.000	0.178
0.036	0.039	0.000	0.009	0.000	0.084
0.041	0.022	0.047	0.010	0.000	0.121
0.078	0.026	0.000	0.013	0.000	0.118
0.123	0.022	0.000	0.011	0.000	0.157
0.037	0.037	0.000	0.013	0.000	0.088
0.108	0.029	0.000	0.010	0.000	0.148
0.037	0.052	0.000	0.013	0.032	0.135
0.098	0.054	0.000	0.009	0.000	0.161
0.045	0.067	0.000	0.008	0.000	0.120
0.019	0.030	0.000	0.009	0.000	0.059
0.033	0.076	0.000	0.023	0.000	0.133
0.050	0.026	0.000	0.012	0.000	0.089
0.021	0.030	0.001	0.011	0.000	0.062
0.032	0.071	0.000	0.012	0.000	0.115
0.038	0.033	0.000	0.010	0.000	0.081
0.036	0.051	0.000	0.010	0.000	0.098
0.047	0.074	0.000	0.010	0.000	0.132
0.021	0.044	0.000	0.010	0.000	0.075
0.077	0.023	0.001	0.010	0.000	0.110
0.037	0.025	0.000	0.009	0.000	0.071
0.033	0.025	0.000	0.009	0.000	0.068
0.033	0.089	0.000	0.011	0.000	0.133
0.021	0.035	0.000	0.011	0.000	0.067
0.030	0.073	0.039	0.012	0.000	0.154
0.061	0.023	0.000	0.012	0.000	0.096
0.035	0.024	0.000	0.011	0.000	0.071
0.127	0.029	0.000	0.011	0.028	0.194
0.026	0.110	0.000	0.010	0.000	0.146
0.042	0.095	0.000	0.010	0.000	0.148
0.038	0.025	0.001	0.012	0.000	0.075
0.036	0.036	0.001	0.011	0.000	0.083
0.038	0.023	0.000	0.011	0.000	0.072
0.033	0.041	0.000	0.014	0.000	0.089
0.037	0.033	0.000	0.012	0.000	0.083
0.042	0.021	0.001	0.011	0.000	0.075
0.085	0.022	0.000	0.014	0.000	0.121
0.039	0.029	0.000	0.011	0.000	0.079
0.029	0.024	0.000	0.008	0.000	0.061
0.036	0.031	0.000	0.011	0.000	0.079
0.036	0.072	0.000	0.011	0.000	0.119
0.019	0.013	0.000	0.010	0.000	0.043
0.036	0.031	0.000	0.017	0.000	0.085
0.066	0.095	0.000	0.010	0.000	0.172
0.123	0.011	0.000	0.010	0.000	0.145
0.034	0.031	0.000	0.011	0.000	0.075
0.020	0.015	0.000	0.013	0.000	0.048
0.034	0.026	0.001	0.012	0.039	0.113
0.024	0.074	0.000	0.007	0.000	0.106
0.030	0.022	0.000	0.007	0.000	0.059
0.115	0.026	0.000	0.010	0.000	0.151
0.031	0.060	0.000	0.013	0.000	0.105
0.035	0.014	0.000	0.010	0.000	0.060
0.025	0.040	0.000	0.009	0.000	0.074
0.031	0.094	0.000	0.013	0.000	0.138
0.033	0.036	0.000	0.012	0.000	0.082
0.037	0.024	0.000	0.011	0.000	0.072
0.037	0.054	0.000	0.012	0.000	0.103
0.040	0.030	0.000	0.011	0.000	0.082
0.042	0.038	0.000	0.009	0.000	0.090
0.034	0.031	0.000	0.011	0.000	0.077
0.036	0.023	0.037	0.009	0.000	0.106
0.054	0.024	0.000	0.010	0.000	0.089
0.037	0.031	0.054	0.009	0.000	0.131
0.036	0.030	0.000	0.013	0.000	0.079
0.083	0.021	0.000	0.014	0.000	0.119
0.110	0.054	0.000	0.013	0.000	0.177
0.027	0.024	0.000	0.011	0.031	0.094
0.020	0.071	0.000	0.011	0.000	0.102
0.032	0.081	0.000	0.009	0.000	0.122
0.030	0.089	0.000	0.014	0.000	0.135
0.036	0.029	0.001	0.014	0.000	0.078
0.035	0.024	0.000	0.010	0.000	0.070
0.031	0.074	0.000	0.013	0.000	0.119
0.036	0.039	0.000	0.012	0.000	0.088
0.067	0.104	0.000	0.013	0.000	0.184
0.042	0.034	0.000	0.011	0.000	0.087
0.032	0.038	0.046	0.008	0.000	0.124
0.056	0.024	0.000	0.011	0.000	0.091
0.061	0.032	0.000	0.011	0.000	0.105
0.073	0.043	0.000	0.012	0.000	0.128
0.067	0.028	0.000	0.012	0.000	0.107
0.039	0.032	0.000	0.013	0.000	0.083
0.039	0.036	0.000	0.011	0.000	0.087
0.130	0.012	0.000	0.011	0.000	0.154
0.105	0.054	0.000	0.009	0.000	0.168
0.097	0.124	0.000	0.009	0.000	0.230
0.034	0.055	0.000	0.012	0.029	0.130
0.118	0.021	0.001	0.010	0.000	0.149
0.039	0.045	0.000	0.014	0.000	0.099
0.040	0.095	0.000	0.010	0.000	0.145
0.046	0.046	0.000	0.012	0.000	0.105
0.035	0.062	0.001	0.011	0.000	0.109
0.013	0.054	0.000	0.007	0.000	0.075
0.056	0.036	0.000	0.009	0.000	0.101
0.033	0.094	0.000	0.006	0.000	0.134
0.031	0.031	0.000	0.015	0.000	0.077
0.049	0.049	0.000	0.010	0.000	0.108
0.088	0.023	0.000	0.012	0.000	0.123
0.109	0.055	0.000	0.009	0.000	0.173
0.054	0.056	0.000	0.009	0.000	0.120
0.037	0.021	0.000	0.011	0.000	0.069
0.032	0.033	0.000	0.014	0.000	0.080
0.036	0.021	0.000	0.008	0.000	0.065
0.029	0.093	0.000	0.007	0.000	0.129
0.020	0.043	0.001	0.014	0.000	0.077
0.084	0.020	0.051	0.012	0.000	0.167
0.038	0.051	0.000	0.013	0.041	0.144
0.030	0.118	0.000	0.010	0.000	0.159
0.031	0.040	0.000	0.010	0.000	0.081
0.039	0.033	0.000	0.011	0.000	0.083
0.038	0.030	0.040	0.009	0.000	0.117
0.022	0.030	0.000	0.011	0.000	0.063
0.047	0.076	0.000	0.010	0.000	0.133
0.043	0.031	0.001	0.018	0.000	0.094
0.025	0.073	0.000	0.010	0.000	0.108
0.022	0.025	0.000	0.012	0.000	0.059
0.049	0.095	0.000	0.010	0.000	0.154
0.125	0.010	0.053	0.012	0.000	0.200
0.039	0.036	0.000	0.012	0.000	0.087
0.037	0.019	0.000	0.008	0.000	0.064
0.113	0.027	0.001	0.007	0.000	0.148
0.038	0.055	0.000	0.006	0.000	0.100
0.103	0.051	0.000	0.011	0.000	0.165
0.101	0.032	0.001	0.011	0.000	0.145
0.043	0.025	0.000	0.010	0.000	0.078
0.040	0.024	0.000	0.010	0.000	0.074
0.037	0.034	0.050	0.010	0.053	0.183
0.067	0.024	0.000	0.015	0.000	0.106
0.044	0.021	0.000	0.010	0.000	0.075
0.030	0.073	0.041	0.007	0.000	0.151
0.062	0.010	0.000	0.009	0.000	0.082
0.089	0.019	0.000	0.010	0.000	0.119
0.036	0.055	0.001	0.012	0.000	0.104
0.024	0.028	0.000	0.010	0.000	0.062
0.035	0.023	0.000	0.011	0.000	0.069
0.037	0.038	0.001	0.014	0.000	0.089
0.042	0.031	0.000	0.011	0.000	0.085
0.111	0.033	0.000	0.013	0.000	0.156
0.036	0.024	0.000	0.010	0.000	0.071
0.050	0.020	0.000	0.010	0.000	0.080
0.031	0.053	0.000	0.012	0.000	0.096
0.043	0.012	0.000	0.012	0.000	0.067
0.036	0.027	0.044	0.011	0.000	0.117
0.035	0.051	0.000	0.014	0.000	0.101
0.035	0.023	0.000	0.012	0.000	0.071
0.129	0.077	0.000	0.013	0.000	0.220
0.033	0.092	0.000	0.010	0.033	0.168
0.062	0.021	0.000	0.009	0.000	0.092
0.066	0.037	0.000	0.009	0.000	0.113
0.040	0.023	0.000	0.013	0.000	0.077
0.091	0.020	0.001	0.009	0.000	0.120
0.036	0.030	0.000	0.016	0.000	0.083
0.041	0.023	0.000	0.013	0.000	0.077
0.039	0.029	0.000	0.011	0.000	0.080
0.036	0.029	0.000	0.013	0.000	0.079
0.048	0.022	0.000	0.014	0.000	0.085
0.034	0.025	0.000	0.010	0.000	0.069
0.068	0.033	0.051	0.012	0.000	0.165
0.067	0.031	0.000	0.012	0.000	0.110
0.022	0.076	0.000	0.013	0.000	0.111
0.036	0.072	0.045	0.010	0.000	0.162
0.069	0.093	0.000	0.010	0.000	0.171
0.084	0.022	0.000	0.013	0.000	0.120
0.085	0.025	0.001	0.012	0.000	0.124
0.030	0.025	0.000	0.009	0.000	0.065
0.035	0.095	0.000	0.010	0.000	0.140
0.059	0.029	0.000	0.008	0.030	0.126
0.046	0.036	0.001	0.014	0.000	0.097
0.037	0.032	0.000	0.010	0.000	0.080
0.066	0.093	0.000	0.013	0.000	0.172
0.071	0.023	0.000	0.010	0.000	0.105
0.032	0.033	0.001	0.013	0.000	0.080
0.040	0.028	0.040	0.011	0.000	0.119
0.056	0.022	0.000	0.011	0.000	0.089
0.036	0.036	0.000	0.011	0.000	0.083
0.046	0.120	0.041	0.007	0.000	0.215
0.036	0.043	0.000	0.014	0.000	0.094
0.037	0.030	0.000	0.010	0.000	0.077
0.034	0.076	0.000	0.012	0.000	0.123
0.067	0.089	0.000	0.010	0.000	0.166
0.083	0.023	0.000	0.012	0.000	0.118
0.087	0.019	0.000	0.011	0.000	0.117
0.104	0.053	0.000	0.009	0.000	0.166
0.018	0.034	0.000	0.008	0.000	0.061
0.037	0.094	0.000	0.011	0.000	0.143
0.049	0.040	0.047	0.009	0.000	0.144
0.068	0.031	0.000	0.011	0.029	0.140
0.018	0.024	0.000	0.010	0.000	0.053
0.086	0.024	0.001	0.012	0.000	0.124
0.086	0.021	0.000	0.009	0.000	0.116
0.035	0.073	0.040	0.010	0.000	0.157
0.063	0.062	0.000	0.010	0.000	0.135
0.021	0.052	0.000	0.011	0.000	0.085
0.081	0.122	0.001	0.011	0.000	0.215
0.035	0.037	0.000	0.012	0.000	0.084
0.033	0.112	0.001	0.016	0.000	0.162
0.023	0.094	0.000	0.011	0.000	0.129
0.065	0.038	0.000	0.013	0.000	0.117
0.069	0.031	0.000	0.011	0.000	0.112
0.032	0.033	0.000	0.011	0.000	0.076
0.037	0.031	0.000	0.012	0.000	0.081
0.129	0.021	0.000	0.010	0.000	0.160
0.051	0.030	0.000	0.013	0.000	0.095
0.040	0.022	0.000	0.011	0.000	0.074
0.043	0.010	0.000	0.010	0.000	0.063
0.051	0.022	0.000	0.012	0.000	0.086
0.025	0.092	0.000	0.011	0.032	0.159
0.009	0.023	0.001	0.012	0.000	0.045
0.047	0.120	0.000	0.013	0.000	0.180
0.033	0.037	0.041	0.009	0.000	0.121
0.032	0.045	0.000	0.010	0.000	0.087
0.035	0.030	0.042	0.012	0.000	0.119
0.030	0.026	0.000	0.012	0.000	0.069
0.040	0.033	0.049	0.011	0.000	0.132
0.037	0.025	0.000	0.015	0.000	0.078
0.031	0.031	0.051	0.013	0.000	0.127
0.070	0.026	0.000	0.010	0.000	0.106
0.042	0.029	0.000	0.008	0.000	0.079
0.041	0.028	0.000	0.012	0.000	0.082
0.037	0.029	0.041	0.006	0.000	0.113
0.065	0.015	0.000	0.011	0.000	0.091
0.037	0.026	0.043	0.010	0.000	0.115
0.058	0.024	0.000	0.013	0.000	0.095
0.050	0.011	0.000	0.011	0.000	0.073
0.110	0.031	0.000	0.015	0.000	0.156
0.043	0.031	0.000	0.011	0.000	0.085
0.128	0.045	0.000	0.010	0.043	0.227
0.016	0.021	0.000	0.007	0.000	0.045
0.027	0.035	0.038	0.012	0.000	0.113
0.032	0.043	0.000	0.015	0.000	0.090
0.123	0.024	0.001	0.013	0.000	0.160
0.038	0.025	0.000	0.011	0.000	0.074
0.035	0.034	0.000	0.011	0.000	0.080
0.040	0.033	0.000	0.013	0.000	0.088
0.045	0.011	0.042	0.009	0.000	0.107
0.057	0.010	0.000	0.013	0.000	0.080
0.047	0.026	0.001	0.012	0.000	0.085
0.048	0.023	0.000	0.008	0.000	0.079
0.045	0.044	0.001	0.015	0.000	0.105
0.038	0.071	0.000	0.010	0.000	0.119
0.070	0.100	0.000	0.012	0.000	0.182
0.012	0.072	0.051	0.012	0.000	0.148
0.039	0.051	0.001	0.014	0.000	0.105
0.050	0.032	0.000	0.010	0.000	0.093
0.085	0.022	0.000	0.013	0.000	0.121
0.086	0.021	0.000	0.007	0.000	0.114
0.032	0.022	0.000	0.011	0.033	0.098
0.012	0.096	0.000	0.009	0.000	0.117
0.123	0.012	0.000	0.012	0.000	0.147
0.064	0.039	0.000	0.010	0.000	0.114
0.032	0.072	0.000	0.011	0.000	0.115
0.037	0.042	0.000	0.010	0.000	0.090
0.030	0.039	0.000	0.011	0.000	0.081
0.072	0.095	0.000	0.009	0.000	0.177
0.019	0.023	0.000	0.009	0.000	0.052
0.033	0.108	0.001	0.010	0.000	0.151
0.058	0.027	0.000	0.011	0.000	0.097
0.034	0.035	0.000	0.013	0.000	0.082
0.091	0.020	0.000	0.011	0.000	0.121
0.108	0.032	0.000	0.015	0.000	0.155
0.108	0.035	0.001	0.011	0.000	0.154
0.040	0.032	0.001	0.013	0.000	0.084
0.107	0.056	0.000	0.013	0.000	0.176
0.065	0.021	0.051	0.009	0.000	0.146
0.036	0.043	0.000	0.011	0.000	0.091
0.038	0.024	0.000	0.011	0.000	0.074
0.050	0.073	0.000	0.013	0.047	0.183
0.033	0.029	0.000	0.009	0.000	0.072
0.023	0.033	0.000	0.010	0.000	0.066
0.059	0.033	0.001	0.013	0.000	0.105
0.033	0.070	0.000	0.009	0.000	0.113
0.020	0.032	0.000	0.013	0.000	0.066
0.043	0.012	0.000	0.015	0.000	0.070
0.060	0.075	0.001	0.013	0.000	0.150
0.047	0.032	0.000	0.010	0.000	0.090
0.034	0.022	0.048	0.011	0.000	0.115
0.034	0.028	0.000	0.014	0.000	0.076
0.087	0.020	0.000	0.011	0.000	0.118
0.086	0.024	0.001	0.012	0.000	0.122
0.040	0.022	0.000	0.011	0.000	0.073
0.033	0.071	0.000	0.011	0.000	0.115
0.021	0.028	0.001	0.011	0.000	0.060
0.031	0.020	0.000	0.009	0.000	0.060
0.026	0.081	0.048	0.013	0.000	0.168
0.052	0.022	0.000	0.015	0.000	0.089
0.040	0.024	0.000	0.014	0.000	0.079
0.035	0.025	0.000	0.013	0.028	0.101
0.120	0.031	0.000	0.013	0.000	0.165
0.027	0.118	0.000	0.012	0.000	0.158
0.041	0.033	0.001	0.014	0.000	0.088
0.033	0.110	0.000	0.007	0.000	0.150
0.125	0.020	0.000	0.010	0.000	0.155
0.038	0.036	0.001	0.014	0.000	0.088
0.065	0.091	0.000	0.010	0.000	0.166
0.086	0.023	0.000	0.010	0.000	0.120
0.034	0.021	0.000	0.010	0.000	0.066
0.034	0.039	0.000	0.013	0.000	0.085
0.106	0.052	0.000	0.008	0.000	0.167
0.035	0.027	0.000	0.013	0.000	0.075
0.109	0.055	0.001	0.010	0.000	0.175
0.022	0.030	0.001	0.013	0.000	0.065
0.038	0.027	0.000	0.012	0.000	0.077
0.035	0.028	0.042	0.014	0.000	0.118
0.040	0.028	0.001	0.011	0.000	0.079
0.037	0.035	0.000	0.015	0.000	0.087
0.042	0.031	0.001	0.013	0.000	0.086
0.037	0.021	0.000	0.011	0.031	0.100
0.042	0.031	0.000	0.013	0.000	0.087
0.065	0.030	0.039	0.007	0.000	0.142
0.140	0.020	0.000	0.007	0.000	0.167
0.031	0.073	0.000	0.013	0.000	0.116
0.035	0.039	0.040	0.010	0.000	0.124
0.063	0.025	0.000	0.010	0.000	0.098
0.040	0.070	0.000	0.010	0.000	0.120
0.021	0.025	0.000	0.009	0.000	0.055
0.045	0.032	0.000	0.013	0.000	0.091
0.045	0.025	0.000	0.011	0.000	0.081
0.037	0.027	0.000	0.010	0.000	0.074
0.045	0.028	0.000	0.010	0.000	0.083
0.127	0.018	0.000	0.007	0.000	0.152
0.066	0.043	0.000	0.011	0.000	0.121
0.034	0.033	0.000	0.011	0.000	0.078
0.043	0.028	0.000	0.014	0.000	0.086
0.036	0.027	0.000	0.011	0.000	0.074
0.035	0.031	0.000	0.010	0.000	0.077
0.108	0.055	0.000	0.011	0.000	0.175
0.101	0.022	0.001	0.013	0.036	0.173
0.015	0.021	0.000	0.008	0.000	0.044
0.060	0.021	0.000	0.014	0.000	0.096
0.047	0.021	0.000	0.011	0.000	0.080
0.049	0.122	0.041	0.013	0.000	0.225
0.040	0.038	0.000	0.012	0.000	0.091
0.036	0.027	0.000	0.014	0.000	0.077
0.040	0.025	0.000	0.014	0.000	0.079
0.031	0.025	0.000	0.010	0.000	0.067
0.124	0.029	0.000	0.014	0.000	0.167
0.022	0.042	0.047	0.007	0.000	0.118
0.037	0.038	0.001	0.012	0.000	0.088
0.065	0.029	0.000	0.009	0.000	0.104
0.032	0.079	0.000	0.013	0.000	0.125
0.041	0.029	0.000	0.010	0.000	0.080
0.034	0.031	0.000	0.010	0.000	0.076
0.041	0.029	0.038	0.011	0.000	0.119
0.061	0.022	0.000	0.011	0.000	0.094
0.034	0.025	0.000	0.014	0.000	0.074
0.036	0.021	0.000	0.010	0.000	0.068
0.034	0.037	0.000	0.010	0.032	0.114
0.050	0.023	0.000	0.011	0.000	0.085
0.030	0.087	0.000	0.007	0.000	0.125
0.032	0.041	0.000	0.013	0.000	0.086
0.112	0.033	0.000	0.013	0.000	0.159
0.058	0.071	0.000	0.010	0.000	0.140
0.035	0.104	0.000	0.013	0.000	0.152
0.037	0.024	0.000	0.010	0.000	0.072
0.033	0.024	0.000	0.012	0.000	0.070
0.043	0.032	0.000	0.014	0.000	0.090
0.035	0.023	0.000	0.010	0.000	0.068
0.029	0.093	0.000	0.008	0.000	0.130
0.063	0.030	0.000	0.010	0.000	0.103
0.032	0.038	0.000	0.018	0.000	0.088
0.045	0.026	0.000	0.014	0.000	0.084
0.043	0.024	0.000	0.010	0.000	0.078
0.065	0.036	0.001	0.014	0.000	0.116
0.034	0.033	0.001	0.014	0.000	0.081
0.035	0.030	0.000	0.011	0.000	0.076
0.066	0.096	0.000	0.012	0.000	0.174
0.033	0.021	0.000	0.009	0.026	0.089
0.049	0.033	0.000	0.008	0.000	0.090
0.053	0.019	0.000	0.010	0.000	0.083
0.068	0.038	0.000	0.012	0.000	0.118
0.034	0.096	0.000	0.011	0.000	0.141
0.030	0.025	0.000	0.012	0.000	0.068
0.025	0.045	0.000	0.012	0.000	0.082
0.044	0.022	0.000	0.010	0.000	0.076
0.032	0.028	0.000	0.010	0.000	0.070
0.042	0.036	0.000	0.012	0.000	0.090
0.079	0.020	0.000	0.008	0.000	0.107
0.034	0.070	0.000	0.010	0.000	0.114
0.035	0.053	0.000	0.008	0.000	0.096
0.033	0.023	0.000	0.009	0.000	0.066
0.033	0.037	0.000	0.013	0.000	0.084
0.037	0.031	0.000	0.012	0.000	0.081
0.032	0.037	0.000	0.010	0.000	0.079
0.065	0.045	0.000	0.014	0.000	0.124
0.043	0.022	0.000	0.011	0.000	0.076
0.036	0.024	0.040	0.012	0.000	0.114
0.065	0.040	0.000	0.011	0.030	0.146
0.078	0.020	0.000	0.008	0.000	0.107
0.032	0.027	0.000	0.010	0.000	0.069
0.033	0.093	0.000	0.010	0.000	0.136
0.033	0.036	0.000	0.014	0.000	0.083
0.051	0.038	0.000	0.010	0.000	0.099
0.127	0.026	0.000	0.011	0.000	0.164
0.043	0.023	0.000	0.010	0.000	0.076
0.047	0.095	0.000	0.013	0.000	0.155
0.036	0.032	0.000	0.010	0.000	0.079
0.032	0.035	0.000	0.009	0.000	0.075
0.039	0.056	0.001	0.010	0.000	0.106
0.013	0.065	0.000	0.006	0.000	0.085
0.046	0.042	0.000	0.013	0.000	0.102
0.034	0.032	0.000	0.010	0.000	0.076
0.034	0.024	0.000	0.011	0.000	0.069
0.031	0.049	0.000	0.011	0.000	0.092
0.033	0.037	0.000	0.010	0.000	0.080
0.044	0.023	0.001	0.011	0.000	0.078
0.064	0.099	0.000	0.009	0.000	0.172
0.033	0.022	0.000	0.009	0.032	0.096
0.032	0.039	0.001	0.011	0.000	0.083
0.022	0.097	0.000	0.012	0.000	0.131
0.010	0.081	0.000	0.011	0.000	0.103
0.042	0.095	0.000	0.012	0.000	0.149
0.038	0.059	0.000	0.010	0.000	0.108
0.043	0.073	0.000	0.011	0.000	0.128
0.030	0.029	0.000	0.012	0.000	0.072
0.047	0.024	0.000	0.010	0.000	0.082
0.035	0.022	0.000	0.011	0.000	0.069
0.020	0.038	0.050	0.009	0.000	0.119
0.034	0.024	0.000	0.011	0.000	0.070
0.038	0.036	0.000	0.008	0.000	0.083
0.044	0.027	0.001	0.010	0.000	0.083
0.036	0.029	0.000	0.010	0.000	0.076
0.035	0.029	0.001	0.014	0.000	0.079
0.036	0.027	0.000	0.011	0.000	0.075
0.084	0.029	0.000	0.013	0.000	0.126
0.046	0.024	0.000	0.013	0.000	0.084
0.042	0.024	0.000	0.011	0.000	0.077
0.107	0.053	0.000	0.011	0.030	0.201
0.082	0.028	0.001	0.011	0.000	0.122
0.038	0.031	0.000	0.008	0.000	0.078
0.105	0.056	0.000	0.012	0.000	0.174
0.028	0.025	0.000	0.011	0.000	0.065
0.042	0.022	0.000	0.010	0.000	0.075
0.037	0.042	0.000	0.010	0.000	0.089
0.034	0.040	0.000	0.012	0.000	0.086
0.024	0.025	0.000	0.015	0.000	0.064
0.055	0.054	0.000	0.014	0.000	0.123
0.013	0.067	0.001	0.012	0.000	0.091
0.032	0.031	0.000	0.013	0.000	0.076
0.062	0.028	0.000	0.009	0.000	0.099
0.042	0.025	0.000	0.012	0.000	0.079
0.046	0.062	0.000	0.011	0.000	0.120
0.032	0.070	0.000	0.009	0.000	0.112
0.038	0.074	0.045	0.010	0.000	0.167
0.037	2.017	0.000	0.009	0.000	2.064
0.022	0.013	0.000	0.011	0.000	0.047
0.014	0.019	0.044	0.014	0.000	0.090
0.051	0.020	0.000	0.011	0.043	0.126
0.010	0.010	0.001	0.010	0.000	0.030
0.016	0.050	0.000	0.010	0.000	0.076
0.019	0.046	0.000	0.013	0.000	0.079
0.022	0.029	0.000	0.007	0.000	0.059
0.029	0.071	0.000	0.015	0.000	0.115
0.031	0.017	0.039	0.013	0.000	0.101
0.074	0.028	0.000	0.009	0.000	0.112
0.036	0.036	0.001	0.013	0.000	0.086
0.038	0.026	0.000	0.011	0.000	0.075
0.033	0.027	0.000	0.022	0.000	0.082
0.039	0.027	0.000	0.010	0.000	0.076
0.045	0.024	0.000	0.010	0.000	0.079
0.037	0.034	0.000	0.010	0.000	0.082
0.036	0.030	0.000	0.008	0.000	0.074
0.034	0.052	0.001	0.012	0.000	0.098
0.022	0.030	0.000	0.012	0.000	0.064
0.038	0.030	0.000	0.010	0.000	0.079
0.029	0.051	0.000	0.012	0.000	0.092
0.039	0.025	0.000	0.011	0.000	0.075
0.035	0.024	0.000	0.011	0.029	0.099
0.072	0.024	0.000	0.012	0.000	0.108
0.087	0.020	0.000	0.010	0.000	0.118
0.038	0.032	0.000	0.013	0.000	0.083
0.050	0.095	0.000	0.013	0.000	0.159
0.022	0.041	0.000	0.008	0.000	0.071
0.012	0.064	0.001	0.009	0.000	0.085
0.058	0.036	0.000	0.012	0.000	0.105
0.035	0.037	0.000	0.010	0.000	0.083
0.064	0.034	0.000	0.012	0.000	0.111
0.035	0.035	0.000	0.012	0.000	0.083
0.038	0.030	0.000	0.010	0.000	0.078
0.040	0.033	0.040	0.012	0.000	0.126
0.038	0.010	0.000	0.012	0.000	0.060
0.020	0.024	0.000	0.012	0.000	0.056
0.039	0.030	0.000	0.010	0.000	0.079
0.034	0.028	0.000	0.007	0.000	0.070
0.029	0.091	0.001	0.010	0.000	0.131
0.021	0.053	0.000	0.012	0.000	0.086
0.013	0.042	0.000	0.010	0.000	0.066
0.031	0.075	0.000	0.013	0.030	0.150
0.120	0.038	0.000	0.015	0.000	0.173
0.069	0.032	0.000	0.009	0.000	0.110
0.085	0.024	0.000	0.012	0.000	0.121
0.041	0.035	0.000	0.007	0.000	0.083
0.105	0.040	0.000	0.008	0.000	0.153
0.037	0.033	0.000	0.009	0.000	0.080
0.034	0.078	0.001	0.012	0.000	0.125
0.063	0.039	0.000	0.011	0.000	0.113
0.038	0.037	0.001	0.014	0.000	0.090
0.129	0.023	0.000	0.012	0.000	0.164
0.044	0.026	0.001	0.013	0.000	0.084
0.023	0.027	0.000	0.014	0.000	0.065
0.036	0.025	0.001	0.010	0.000	0.071
0.035	0.047	0.000	0.008	0.000	0.090
0.038	0.029	0.001	0.011	0.000	0.079
0.036	0.021	0.000	0.008	0.000	0.066
0.036	0.095	0.000	0.013	0.000	0.143
0.129	0.048	0.000	0.011	0.000	0.190
0.039	0.022	0.000	0.010	0.000	0.071
0.041	0.035	0.000	0.012	0.027	0.115
0.080	0.054	0.001	0.012	0.000	0.147
0.013	0.030	0.000	0.013	0.000	0.057
0.043	0.031	0.000	0.009	0.000	0.083
0.084	0.025	0.000	0.013	0.000	0.123
0.038	0.022	0.000	0.010	0.000	0.071
0.034	0.079	0.000	0.012	0.000	0.126
0.040	0.034	0.000	0.013	0.000	0.087
0.032	0.023	0.000	0.011	0.000	0.066
0.036	0.031	0.001	0.016	0.000	0.085
0.041	0.027	0.000	0.014	0.000	0.082
0.036	0.022	0.000	0.011	0.000	0.070
0.087	0.025	0.001	0.011	0.000	0.123
0.038	0.028	0.000	0.012	0.000	0.078
0.037	0.033	0.000	0.007	0.000	0.077
0.034	0.050	0.000	0.012	0.000	0.097
0.013	0.084	0.000	0.009	0.000	0.107
0.020	0.074	0.000	0.013	0.000	0.108
0.056	0.025	0.001	0.013	0.000	0.094
0.034	0.027	0.000	0.010	0.000	0.072
0.030	0.113	0.000	0.013	0.028	0.185
0.023	0.489	0.000	0.007	0.000	0.520
0.018	0.012	0.000	0.012	0.000	0.042
0.012	0.009	0.000	0.014	0.000	0.036
0.087	0.019	0.001	0.012	0.000	0.119
0.044	0.075	0.000	0.011	0.000	0.130
0.023	0.011	0.000	0.013	0.000	0.048
0.055	0.020	0.000	0.010	0.000	0.086
0.035	0.026	0.000	0.010	0.000	0.072
0.035	0.032	0.000	0.009	0.000	0.076
0.047	0.023	0.001	0.013	0.000	0.084
0.034	0.037	0.000	0.012	0.000	0.083
0.036	0.026	0.000	0.010	0.000	0.072
0.044	0.029	0.000	0.012	0.000	0.085
0.039	0.029	0.000	0.010	0.000	0.078
0.036	0.028	0.000	0.011	0.000	0.076
0.060	0.117	0.000	0.011	0.000	0.188
0.057	0.026	0.000	0.014	0.000	0.098
0.056	0.071	0.000	0.010	0.000	0.137
0.034	0.027	0.000	0.011	0.000	0.072
0.040	0.024	0.000	0.012	0.030	0.107
0.039	0.022	0.000	0.009	0.000	0.070
0.046	0.028	0.000	0.011	0.000	0.085
0.041	0.030	0.000	0.014	0.000	0.085
0.046	0.029	0.000	0.011	0.000	0.087
0.044	0.100	0.052	0.010	0.000	0.206
0.063	0.065	0.000	0.011	0.000	0.139
0.049	0.038	0.000	0.012	0.000	0.099
0.022	0.029	0.000	0.011	0.000	0.063
0.037	0.028	0.000	0.012	0.000	0.078
0.049	0.022	0.000	0.012	0.000	0.082
0.038	0.032	0.045	0.010	0.000	0.126
0.038	0.025	0.000	0.018	0.000	0.082
0.037	0.031	0.040	0.010	0.000	0.118
0.160	0.033	0.000	0.010	0.000	0.203
0.024	0.067	0.000	0.011	0.000	0.102
0.048	0.030	0.000	0.013	0.000	0.091
0.016	0.074	0.000	0.011	0.000	0.101
0.056	0.024	0.001	0.011	0.000	0.092
0.042	0.024	0.000	0.011	0.000	0.078
0.081	0.024	0.000	0.011	0.045	0.162
0.052	0.098	0.001	0.010	0.000	0.161
0.036	0.026	0.000	0.020	0.000	0.082
0.044	0.014	0.053	0.013	0.000	0.124
0.098	0.028	0.000	0.010	0.000	0.137
0.058	0.024	0.000	0.011	0.000	0.094
0.065	0.033	0.000	0.011	0.000	0.109
0.019	0.050	0.000	0.010	0.000	0.080
0.028	0.089	0.040	0.010	0.000	0.167
0.079	0.038	0.000	0.011	0.000	0.129
0.052	0.033	0.000	0.011	0.000	0.097
0.033	0.078	0.000	0.011	0.000	0.122
0.013	0.081	0.000	0.018	0.000	0.112
0.060	0.028	0.045	0.017	0.000	0.150
0.038	0.008	0.001	0.013	0.000	0.059
0.069	0.073	0.000	0.011	0.000	0.153
0.013	0.030	0.001	0.012	0.000	0.056
0.058	0.076	0.001	0.011	0.000	0.146
0.031	0.076	0.001	0.013	0.000	0.121
0.036	0.024	0.000	0.010	0.000	0.071
0.076	0.051	0.042	0.013	0.059	0.240
0.060	0.020	0.056	0.013	0.000	0.150
0.062	0.025	0.000	0.013	0.000	0.101
0.037	0.025	0.000	0.011	0.000	0.073
0.069	0.034	0.001	0.013	0.000	0.117
0.089	0.020	0.000	0.007	0.000	0.116
0.042	0.051	0.000	0.010	0.000	0.104
0.056	0.030	0.000	0.010	0.000	0.096
0.037	0.030	0.000	0.010	0.000	0.078
0.035	0.034	0.001	0.012	0.000	0.082
0.033	0.073	0.000	0.010	0.000	0.117
0.034	0.032	0.000	0.011	0.000	0.078
0.048	0.023	0.000	0.012	0.000	0.083
0.042	0.073	0.000	0.010	0.000	0.125
0.032	0.035	0.001	0.014	0.000	0.082
0.035	0.029	0.001	0.010	0.000	0.075
0.026	0.092	0.003	0.010	0.000	0.132
0.033	0.024	0.000	0.011	0.000	0.068
0.030	0.035	0.000	0.010	0.000	0.076
0.043	0.043	0.000	0.011	0.000	0.098
0.038	0.012	0.000	0.013	0.038	0.102
0.035	0.039	0.000	0.010	0.000	0.085
0.022	0.092	0.001	0.013	0.000	0.127
0.035	0.036	0.000	0.011	0.000	0.083
0.031	0.023	0.000	0.010	0.000	0.064
0.033	0.032	0.000	0.013	0.000	0.078
0.043	0.028	0.036	0.007	0.000	0.113
0.052	0.018	0.000	0.009	0.000	0.079
0.048	0.024	0.000	0.012	0.000	0.084
0.034	0.081	0.000	0.010	0.000	0.125
0.031	0.030	0.001	0.015	0.000	0.076
0.028	0.031	0.000	0.013	0.000	0.072
0.046	0.022	0.000	0.009	0.000	0.078
0.045	0.029	0.000	0.014	0.000	0.088
0.034	0.878	0.000	0.012	0.000	0.924
0.012	0.010	0.000	0.014	0.000	0.037
0.016	0.009	0.000	0.019	0.000	0.045
0.021	0.016	0.001	0.014	0.000	0.051
0.012	0.009	0.000	0.012	0.000	0.034
0.031	0.023	0.048	0.010	0.000	0.112
0.059	0.036	0.000	0.014	0.031	0.141
0.024	0.018	0.000	0.009	0.000	0.051
0.031	0.027	0.000	0.007	0.000	0.066
0.056	0.020	0.000	0.011	0.000	0.088
0.031	0.038	0.001	0.010	0.000	0.080
0.034	0.028	0.000	0.011	0.000	0.073
0.034	0.038	0.000	0.012	0.000	0.084
0.039	0.028	0.000	0.009	0.000	0.077
0.035	0.091	0.000	0.011	0.000	0.138
0.040	0.026	0.001	0.012	0.000	0.079
0.035	0.022	0.001	0.011	0.000	0.069
0.031	0.029	0.000	0.014	0.000	0.075
0.053	0.012	0.000	0.016	0.000	0.081
0.124	0.025	0.000	0.008	0.000	0.157
0.045	0.026	0.000	0.010	0.000	0.082
0.034	0.030	0.000	0.011	0.000	0.075
0.034	0.092	0.045	0.011	0.000	0.182
0.033	0.025	0.000	0.011	0.000	0.069
0.036	0.023	0.001	0.009	0.000	0.069
0.034	0.036	0.000	0.012	0.000	0.083
0.047	0.031	0.000	0.010	0.029	0.118
0.016	0.022	0.000	0.010	0.000	0.048
0.036	0.037	0.001	0.013	0.000	0.086
0.036	0.023	0.044	0.010	0.000	0.112
0.046	0.022	0.000	0.009	0.000	0.077
0.042	0.047	0.000	0.010	0.000	0.099
0.126	0.072	0.001	0.013	0.000	0.212
0.014	0.013	0.000	0.014	0.000	0.041
0.038	0.027	0.000	0.010	0.000	0.075
0.039	0.029	0.000	0.012	0.000	0.080
0.039	0.031	0.000	0.013	0.000	0.083
0.037	0.028	0.000	0.012	0.000	0.077
0.040	0.031	0.000	0.010	0.000	0.081
0.047	0.038	0.000	0.011	0.000	0.097
0.034	0.022	0.000	0.008	0.000	0.064
0.036	0.023	0.000	0.007	0.000	0.066
0.032	0.114	0.000	0.011	0.000	0.157
0.020	0.036	0.000	0.010	0.000	0.067
0.036	0.026	0.048	0.013	0.000	0.123
0.065	0.025	0.001	0.011	0.000	0.102
0.033	0.079	0.000	0.012	0.040	0.164
0.029	0.033	0.000	0.011	0.000	0.074
0.039	0.030	0.001	0.016	0.000	0.085
0.038	0.025	0.000	0.012	0.000	0.075
0.035	0.028	0.000	0.008	0.000	0.071
0.036	0.091	0.000	0.007	0.000	0.135
0.065	0.033	0.001	0.011	0.000	0.110
0.036	0.030	0.000	0.011	0.000	0.077
0.046	0.033	0.001	0.013	0.000	0.093
0.034	0.026	0.000	0.011	0.000	0.071
0.035	0.033	0.000	0.011	0.000	0.079
0.037	0.031	0.000	0.014	0.000	0.082
0.038	0.023	0.000	0.013	0.000	0.074
0.031	0.093	0.000	0.019	0.000	0.143
0.044	0.077	0.000	0.007	0.000	0.128
0.041	0.032	0.000	0.009	0.000	0.083
0.129	0.027	0.000	0.010	0.000	0.166
0.021	0.092	0.048	0.012	0.000	0.173
0.064	0.031	0.000	0.009	0.000	0.104
0.032	0.075	0.000	0.013	0.000	0.120
0.042	0.024	0.001	0.014	0.028	0.109
0.045	0.031	0.000	0.015	0.000	0.091
0.023	0.096	0.049	0.006	0.000	0.174
0.061	0.029	0.000	0.013	0.000	0.104
0.056	0.022	0.000	0.011	0.000	0.090
0.035	0.023	0.000	0.010	0.000	0.069
0.040	0.023	0.001	0.011	0.000	0.075
0.046	0.023	0.001	0.012	0.000	0.083
0.038	0.028	0.000	0.010	0.000	0.077
0.035	0.031	0.000	0.010	0.000	0.076
0.052	0.023	0.001	0.012	0.000	0.087
0.038	0.028	0.000	0.009	0.000	0.075
0.040	0.032	0.001	0.018	0.000	0.091
0.046	0.011	0.000	0.011	0.000	0.068
0.024	0.074	0.000	0.010	0.000	0.108
0.019	0.031	0.000	0.009	0.000	0.060
0.044	0.031	0.050	0.009	0.000	0.134
0.046	0.047	0.000	0.012	0.000	0.106
0.030	0.034	0.000	0.013	0.000	0.078
0.035	0.025	0.000	0.010	0.000	0.071
0.035	0.030	0.000	0.010	0.030	0.106
0.088	0.031	0.000	0.013	0.000	0.132
0.037	0.051	0.000	0.010	0.000	0.098
0.020	0.033	0.000	0.015	0.000	0.067
0.039	0.034	0.048	0.008	0.000	0.128
0.031	0.023	0.000	0.010	0.000	0.065
0.045	0.028	0.000	0.010	0.000	0.083
0.041	0.024	0.000	0.011	0.000	0.077
0.040	0.029	0.001	0.010	0.000	0.080
0.052	0.011	0.000	0.011	0.000	0.074
0.034	0.073	0.000	0.010	0.000	0.118
0.076	0.024	0.001	0.012	0.000	0.112
0.040	0.074	0.000	0.010	0.000	0.124
0.040	0.032	0.000	0.014	0.000	0.087
0.029	0.041	0.001	0.010	0.000	0.081
0.036	0.029	0.000	0.009	0.000	0.074
0.028	0.093	0.000	0.010	0.000	0.131
0.027	0.031	0.000	0.008	0.000	0.066
0.029	0.072	0.001	0.012	0.000	0.114
0.036	0.051	0.000	0.009	0.000	0.097
0.021	0.075	0.000	0.013	0.039	0.147
0.026	0.083	0.000	0.011	0.000	0.121
0.013	0.018	0.000	0.012	0.000	0.043
0.051	0.042	0.000	0.013	0.000	0.106
0.039	0.093	0.047	0.010	0.000	0.189
0.065	0.027	0.001	0.009	0.000	0.101
0.028	0.087	0.000	0.006	0.000	0.121
0.022	0.082	0.001	0.013	0.000	0.118
0.015	0.031	0.000	0.012	0.000	0.059
0.089	0.024	0.001	0.013	0.000	0.126
0.039	0.010	0.000	0.013	0.000	0.062
0.032	0.040	0.000	0.011	0.000	0.083
0.030	0.031	0.001	0.010	0.000	0.072
0.037	0.033	0.001	0.014	0.000	0.084
0.025	0.032	0.000	0.012	0.000	0.069
0.033	0.070	0.000	0.011	0.000	0.113
0.033	0.093	0.050	0.008	0.000	0.184
0.037	0.026	0.000	0.013	0.000	0.077
0.031	0.027	0.000	0.011	0.000	0.069
0.049	0.023	0.000	0.011	0.000	0.085
0.042	0.038	0.000	0.014	0.031	0.125
0.023	0.029	0.000	0.010	0.000	0.063
0.032	0.076	0.000	0.013	0.000	0.121
0.015	0.023	0.000	0.014	0.000	0.052
0.035	0.034	0.000	0.010	0.000	0.079
0.037	0.028	0.044	0.010	0.000	0.120
0.040	0.026	0.000	0.010	0.000	0.077
0.033	0.022	0.000	0.009	0.000	0.064
0.034	0.092	0.000	0.012	0.000	0.139
0.020	0.031	0.001	0.010	0.000	0.061
0.028	0.111	0.001	0.012	0.000	0.151
0.029	0.021	0.052	0.011	0.000	0.114
0.077	0.028	0.000	0.012	0.000	0.117
0.023	0.050	0.000	0.009	0.000	0.083
0.126	0.041	0.000	0.012	0.000	0.180
0.062	0.097	0.039	0.007	0.000	0.205
0.060	0.094	0.044	0.012	0.000	0.210
0.067	0.022	0.001	0.012	0.000	0.102
0.036	0.030	0.000	0.012	0.000	0.079
0.062	3.115	0.000	0.010	0.000	3.188
0.019	0.011	0.000	0.013	0.063	0.107
0.017	0.011	0.000	0.013	0.000	0.042
0.017	0.010	0.001	0.010	0.000	0.038
0.015	0.011	0.000	0.013	0.000	0.039
0.019	0.046	0.000	0.011	0.000	0.075
0.023	0.102	0.000	0.013	0.000	0.138
0.014	0.076	0.000	0.013	0.000	0.104
0.024	0.066	0.000	0.014	0.000	0.105
0.031	0.036	0.001	0.011	0.000	0.079
0.016	0.033	0.000	0.013	0.000	0.063
0.023	0.032	0.001	0.011	0.000	0.067
0.024	0.101	0.000	0.013	0.000	0.137
0.015	0.038	0.000	0.014	0.000	0.068
0.022	0.052	0.001	0.012	0.000	0.088
0.023	0.031	0.000	0.012	0.000	0.066
0.021	0.027	0.001	0.011	0.000	0.061
0.037	0.100	0.000	0.010	0.000	0.147
0.021	0.055	0.000	0.014	0.000	0.090
0.046	0.077	0.001	0.013	0.000	0.137
0.025	0.059	0.000	0.010	0.000	0.095
0.048	0.059	0.000	0.011	0.027	0.145
0.099	0.020	0.001	0.012	0.000	0.132
0.034	0.029	0.001	0.011	0.000	0.075
0.032	0.029	0.000	0.007	0.000	0.068
0.033	0.073	0.000	0.010	0.000	0.117
0.033	0.092	0.000	0.006	0.000	0.131
0.024	0.044	0.001	0.012	0.000	0.081
0.132	0.025	0.000	0.013	0.000	0.171
0.030	0.025	0.001	0.013	0.000	0.069
0.090	0.022	0.001	0.012	0.000	0.125
0.036	0.031	0.000	0.011	0.000	0.078
0.045	0.011	0.000	0.014	0.000	0.070
0.087	0.022	0.000	0.009	0.000	0.118
0.109	0.032	0.000	0.008	0.000	0.150
0.038	0.051	0.000	0.008	0.000	0.096
0.019	0.059	0.000	0.012	0.000	0.091
0.056	0.029	0.048	0.010	0.000	0.142
0.047	0.029	0.001	0.015	0.000	0.090
0.048	0.073	0.000	0.010	0.000	0.132
0.038	0.072	0.044	0.009	0.000	0.163
0.075	0.038	0.000	0.011	0.030	0.154
0.100	0.020	0.000	0.008	0.000	0.128
0.037	0.035	0.043	0.010	0.000	0.124
0.036	0.058	0.000	0.011	0.000	0.106
0.040	0.074	0.000	0.013	0.000	0.128
0.043	0.033	0.001	0.012	0.000	0.089
0.057	0.058	0.000	0.010	0.000	0.125
0.019	0.055	0.001	0.012	0.000	0.087
0.023	0.024	0.000	0.010	0.000	0.057
0.031	0.092	0.001	0.017	0.000	0.140
0.048	0.045	0.000	0.009	0.000	0.103
0.030	0.109	0.000	0.011	0.000	0.150
0.032	0.122	0.046	0.011	0.000	0.210
0.071	0.030	0.000	0.012	0.000	0.114
0.046	0.025	0.000	0.014	0.000	0.085
0.044	0.035	0.000	0.012	0.000	0.091
0.034	0.024	0.000	0.012	0.000	0.071
0.038	0.027	0.000	0.014	0.000	0.079
0.046	0.031	0.000	0.012	0.000	0.089
0.047	0.114	0.000	0.010	0.000	0.171
0.035	0.111	0.001	0.012	0.033	0.191
0.015	0.031	0.044	0.011	0.000	0.100
0.046	0.033	0.000	0.011	0.000	0.091
0.066	0.033	0.000	0.012	0.000	0.112
0.031	0.031	0.000	0.011	0.000	0.074
0.068	0.097	0.000	0.012	0.000	0.177
0.031	0.021	0.000	0.013	0.000	0.066
0.128	0.022	0.000	0.010	0.000	0.160
0.029	0.034	0.040	0.008	0.000	0.111
0.030	0.043	0.001	0.012	0.000	0.086
0.034	0.040	0.000	0.011	0.000	0.086
0.031	0.029	0.000	0.010	0.000	0.071
0.042	0.045	0.000	0.013	0.000	0.100
0.053	0.034	0.000	0.010	0.000	0.097
0.030	0.094	0.000	0.012	0.000	0.137
0.034	0.029	0.000	0.010	0.000	0.073
0.033	0.102	0.000	0.008	0.000	0.143
0.035	0.112	0.000	0.008	0.000	0.155
0.036	0.075	0.000	0.013	0.000	0.125
0.014	0.026	0.000	0.010	0.000	0.050
0.055	0.031	0.000	0.010	0.032	0.128
0.016	0.044	0.000	0.012	0.000	0.072
0.038	0.027	0.000	0.011	0.000	0.076
0.035	0.048	0.001	0.014	0.000	0.098
0.378	0.009	0.000	0.011	0.000	0.399
0.012	0.009	0.000	0.010	0.000	0.031
0.038	0.021	0.000	0.011	0.000	0.070
0.033	0.039	0.000	0.013	0.000	0.086
0.088	0.022	0.000	0.010	0.000	0.120
0.034	0.026	0.000	0.014	0.000	0.075
0.056	0.054	0.000	0.012	0.000	0.123
0.109	0.031	0.000	0.013	0.000	0.153
0.042	0.032	0.000	0.013	0.000	0.088
0.123	0.027	0.000	0.011	0.000	0.161
0.049	0.111	0.001	0.007	0.000	0.167
0.033	0.046	0.000	0.012	0.000	0.092
0.047	0.023	0.052	0.010	0.000	0.133
0.056	0.046	0.000	0.013	0.000	0.115
0.036	0.025	0.001	0.013	0.000	0.075
0.034	0.030	0.000	0.010	0.000	0.074
0.023	0.023	0.000	0.011	0.034	0.091
0.007	0.023	0.000	0.013	0.000	0.043
0.066	0.032	0.000	0.011	0.000	0.110
0.029	0.092	0.000	0.011	0.000	0.132
0.038	0.023	0.000	0.007	0.000	0.068
0.062	0.100	0.000	0.013	0.000	0.175
0.025	0.031	0.000	0.011	0.000	0.068
0.066	0.030	0.000	0.009	0.000	0.106
0.038	0.036	0.051	0.010	0.000	0.136
0.055	0.093	0.000	0.011	0.000	0.160
0.040	0.427	0.000	0.012	0.000	0.479
0.015	0.009	0.000	0.013	0.000	0.037
0.018	0.008	0.001	0.013	0.000	0.040
0.051	0.022	0.000	0.009	0.000	0.083
0.021	0.029	0.000	0.010	0.000	0.060
0.046	0.032	0.001	0.012	0.000	0.091
0.056	0.082	0.000	0.016	0.000	0.154
0.042	0.029	0.001	0.011	0.000	0.083
0.039	0.020	0.000	0.010	0.000	0.069
0.089	0.028	0.000	0.013	0.000	0.129
0.108	0.053	0.000	0.007	0.024	0.193
0.101	0.011	0.000	0.010	0.000	0.123
0.022	0.043	0.000	0.011	0.000	0.077
0.044	0.023	0.000	0.010	0.000	0.077
0.041	0.031	0.047	0.008	0.000	0.127
0.032	0.038	0.000	0.012	0.000	0.082
0.042	0.033	0.000	0.013	0.000	0.088
0.043	0.024	0.001	0.011	0.000	0.079
0.036	0.023	0.000	0.011	0.000	0.070
0.046	0.023	0.000	0.010	0.000	0.079
0.032	0.027	0.000	0.008	0.000	0.067
0.032	0.050	0.000	0.012	0.000	0.095
0.034	0.027	0.000	0.008	0.000	0.070
0.038	0.030	0.000	0.011	0.000	0.080
0.037	0.032	0.001	0.014	0.000	0.084
0.016	0.070	0.000	0.011	0.000	0.097
0.048	0.034	0.001	0.010	0.000	0.093
0.032	0.076	0.000	0.014	0.000	0.122
0.017	0.020	0.000	0.013	0.000	0.050
0.110	0.026	0.000	0.013	0.000	0.150
0.041	0.042	0.000	0.009	0.026	0.119
0.012	0.022	0.000	0.009	0.000	0.043
0.045	0.025	0.000	0.016	0.000	0.086
0.110	0.026	0.000	0.011	0.000	0.148
0.036	0.034	0.001	0.014	0.000	0.085
0.042	0.029	0.001	0.012	0.000	0.084
0.046	0.022	0.000	0.011	0.000	0.079
0.044	0.022	0.000	0.014	0.000	0.081
0.128	0.022	0.000	0.011	0.000	0.161
0.107	0.029	0.052	0.009	0.000	0.196
0.053	0.052	0.000	0.013	0.000	0.118
0.104	0.054	0.001	0.008	0.000	0.166
0.030	0.029	0.000	0.012	0.000	0.072
0.037	0.035	0.000	0.013	0.000	0.085
0.036	0.027	0.000	0.010	0.000	0.074
0.039	0.024	0.000	0.013	0.000	0.077
0.040	0.023	0.000	0.010	0.000	0.073
0.036	0.038	0.000	0.011	0.000	0.085
0.092	0.023	0.001	0.013	0.000	0.128
0.038	0.023	0.000	0.009	0.000	0.070
0.030	0.007	0.000	0.009	0.036	0.083
0.064	0.070	0.000	0.008	0.000	0.141
0.039	0.094	0.001	0.012	0.000	0.146
0.067	0.030	0.000	0.012	0.000	0.110
0.034	0.029	0.001	0.013	0.000	0.077
0.065	0.044	0.000	0.011	0.000	0.120
0.022	0.070	0.001	0.014	0.000	0.106
0.035	0.076	0.000	0.011	0.000	0.121
0.032	0.096	0.000	0.013	0.000	0.142
0.063	0.030	0.000	0.009	0.000	0.102
0.031	0.038	0.000	0.014	0.000	0.083
0.039	0.027	0.000	0.014	0.000	0.081
0.045	0.022	0.001	0.012	0.000	0.079
0.035	0.092	0.001	0.012	0.000	0.139
0.034	0.026	0.000	0.009	0.000	0.069
0.022	0.038	0.000	0.011	0.000	0.072
0.130	0.024	0.000	0.012	0.000	0.167
0.046	0.025	0.000	0.012	0.000	0.083
0.043	0.032	0.000	0.012	0.000	0.086
0.121	0.072	0.000	0.010	0.000	0.203
0.022	0.022	0.001	0.012	0.033	0.089
0.040	0.030	0.040	0.012	0.000	0.121
0.078	0.031	0.000	0.013	0.000	0.123
0.034	0.030	0.000	0.010	0.000	0.074
0.032	0.095	0.000	0.012	0.000	0.140
0.024	0.031	0.001	0.011	0.000	0.067
0.040	0.023	0.000	0.012	0.000	0.075
0.036	0.041	0.000	0.011	0.000	0.088
0.021	0.092	0.000	0.007	0.000	0.120
0.079	0.041	0.000	0.013	0.000	0.133
0.040	0.085	0.054	0.014	0.000	0.194
0.053	0.044	0.000	0.011	0.000	0.108
0.122	0.030	0.000	0.013	0.000	0.166
0.042	0.030	0.000	0.010	0.000	0.082
0.034	0.022	0.000	0.012	0.000	0.068
0.031	0.074	0.044	0.009	0.000	0.157
0.035	0.040	0.001	0.008	0.000	0.083
0.063	0.094	0.000	0.010	0.000	0.167
0.063	0.037	0.000	0.011	0.000	0.111
0.036	0.031	0.000	0.014	0.000	0.081
0.038	0.029	0.000	0.010	0.029	0.107
0.016	0.022	0.000	0.012	0.000	0.050
0.036	0.029	0.001	0.016	0.000	0.082
0.070	0.031	0.000	0.011	0.000	0.112
0.032	1.332	0.000	0.011	0.000	1.376
0.025	0.016	0.001	0.013	0.000	0.054
0.018	0.031	0.000	0.012	0.000	0.062
0.013	0.011	0.000	0.011	0.000	0.035
0.025	0.019	0.000	0.013	0.000	0.057
0.017	0.039	0.000	0.012	0.000	0.068
0.040	0.021	0.000	0.012	0.000	0.074
0.035	0.030	0.000	0.013	0.000	0.079
0.023	0.037	0.000	0.014	0.000	0.074
0.038	0.039	0.000	0.010	0.000	0.087
0.040	0.022	0.000	0.013	0.000	0.075
0.069	0.032	0.038	0.012	0.000	0.151
0.046	0.026	0.000	0.012	0.000	0.084
0.048	0.021	0.000	0.007	0.000	0.077
0.029	0.039	0.001	0.015	0.000	0.085
0.037	0.038	0.000	0.012	0.000	0.088
0.042	0.022	0.000	0.009	0.029	0.103
0.008	0.031	0.000	0.015	0.000	0.054
0.049	0.040	0.000	0.009	0.000	0.098
0.021	0.012	0.001	0.015	0.000	0.049
0.021	0.042	0.000	0.016	0.000	0.080
0.039	0.031	0.001	0.011	0.000	0.082
0.032	0.028	0.001	0.011	0.000	0.071
0.036	0.033	0.051	0.011	0.000	0.131
0.054	0.091	0.000	0.011	0.000	0.156
0.049	0.027	0.000	0.012	0.000	0.089
0.033	0.023	0.000	0.012	0.000	0.069
0.022	0.089	0.000	0.011	0.000	0.122
0.070	0.030	0.044	0.013	0.000	0.157
0.061	0.091	0.000	0.012	0.000	0.164
0.039	0.023	0.000	0.012	0.000	0.074
0.042	0.028	0.000	0.011	0.000	0.081
0.033	0.027	0.000	0.010	0.000	0.071
0.033	0.040	0.000	0.009	0.000	0.082
0.072	0.041	0.000	0.012	0.000	0.125
0.130	0.033	0.000	0.015	0.000	0.179
0.051	0.033	0.000	0.011	0.030	0.124
0.061	0.021	0.000	0.012	0.000	0.094
0.040	0.023	0.001	0.013	0.000	0.076
0.032	0.032	0.000	0.012	0.000	0.077
0.034	0.048	0.001	0.011	0.000	0.094
0.045	0.111	0.000	0.010	0.000	0.166
0.038	0.095	0.000	0.008	0.000	0.142
0.020	0.080	0.000	0.011	0.000	0.111
0.046	0.023	0.040	0.009	0.000	0.118
0.034	0.037	0.001	0.016	0.000	0.088
0.037	0.031	0.000	0.011	0.000	0.079
0.033	0.029	0.000	0.010	0.000	0.072
0.031	0.095	0.000	0.010	0.000	0.136
0.033	0.025	0.000	0.010	0.000	0.068
0.035	0.037	0.000	0.011	0.000	0.083
0.038	0.034	0.000	0.012	0.000	0.085
0.044	0.025	0.000	0.010	0.000	0.080
0.029	0.025	0.038	0.008	0.000	0.099
0.060	0.021	0.000	0.012	0.000	0.094
0.125	0.034	0.000	0.013	0.000	0.173
0.042	0.084	0.000	0.010	0.027	0.163
0.025	0.028	0.000	0.011	0.000	0.064
0.041	0.023	0.000	0.011	0.000	0.076
0.032	0.072	0.000	0.012	0.000	0.116
0.022	0.083	0.000	0.008	0.000	0.113
0.017	0.023	0.000	0.009	0.000	0.049
0.030	0.037	0.000	0.008	0.000	0.075
0.040	0.028	0.000	0.013	0.000	0.082
0.037	0.031	0.000	0.011	0.000	0.079
0.022	0.111	0.000	0.013	0.000	0.145
0.044	0.040	0.000	0.012	0.000	0.096
0.030	0.031	0.000	0.014	0.000	0.076
0.037	0.026	0.001	0.012	0.000	0.076
0.035	0.039	0.000	0.010	0.000	0.084
0.069	0.045	0.001	0.015	0.000	0.130
0.045	0.063	0.000	0.009	0.000	0.117
0.029	0.025	0.000	0.007	0.000	0.061
0.034	0.037	0.053	0.011	0.000	0.134
0.064	0.038	0.000	0.018	0.000	0.120
0.022	0.036	0.000	0.014	0.000	0.073
0.036	0.030	0.000	0.011	0.034	0.111
0.030	0.096	0.001	0.011	0.000	0.138
0.022	0.036	0.000	0.011	0.000	0.070
0.035	0.029	0.000	0.012	0.000	0.077
0.050	0.023	0.000	0.012	0.000	0.086
0.037	0.027	0.000	0.009	0.000	0.074
0.027	0.091	0.000	0.010	0.000	0.128
0.075	0.022	0.000	0.011	0.000	0.107
0.033	0.073	0.000	0.013	0.000	0.119
0.035	0.040	0.000	0.010	0.000	0.085
0.128	0.039	0.000	0.015	0.000	0.182
0.042	0.056	0.000	0.008	0.000	0.107
0.021	0.034	0.038	0.012	0.000	0.106
0.062	0.064	0.000	0.011	0.000	0.137
0.044	0.049	0.000	0.011	0.000	0.104
0.106	0.124	0.000	0.013	0.000	0.243
0.034	0.028	0.045	0.010	0.000	0.117
0.063	0.099	0.000	0.012	0.000	0.175
0.036	0.023	0.000	0.011	0.000	0.071
0.126	0.027	0.000	0.013	0.000	0.166
0.043	0.023	0.000	0.010	0.026	0.101
0.018	0.011	0.038	0.011	0.000	0.078
0.043	0.040	0.000	0.010	0.000	0.093
0.096	0.056	0.000	0.012	0.000	0.164
0.105	0.027	0.000	0.010	0.000	0.142
0.035	0.035	0.000	0.017	0.000	0.087
0.043	0.033	0.000	0.013	0.000	0.089
0.125	0.052	0.000	0.013	0.000	0.191
0.026	0.050	0.000	0.009	0.000	0.086
0.020	0.031	0.000	0.011	0.000	0.062
0.014	0.018	0.001	0.012	0.000	0.045
0.042	0.030	0.000	0.010	0.000	0.083
0.035	0.024	0.000	0.007	0.000	0.067
0.031	0.093	0.000	0.014	0.000	0.139
0.090	0.018	0.000	0.009	0.000	0.118
0.101	0.056	0.001	0.016	0.000	0.174
0.038	0.058	0.000	0.012	0.000	0.108
0.082	0.024	0.001	0.014	0.000	0.121
0.038	0.031	0.000	0.011	0.000	0.080
0.035	0.021	0.000	0.011	0.000	0.068
0.028	0.029	0.000	0.007	0.037	0.101
0.032	0.092	0.000	0.007	0.000	0.132
0.027	0.116	0.000	0.013	0.000	0.156
0.052	0.048	0.000	0.011	0.000	0.111
0.034	0.090	0.001	0.013	0.000	0.137
0.067	0.030	0.000	0.011	0.000	0.109
0.032	0.075	0.000	0.011	0.000	0.119
0.022	0.028	0.001	0.012	0.000	0.062
0.037	0.023	0.000	0.012	0.000	0.072
0.032	0.038	0.000	0.012	0.000	0.083
0.123	0.070	0.000	0.008	0.000	0.202
0.040	0.024	0.000	0.012	0.000	0.076
0.040	0.030	0.000	0.011	0.000	0.082
0.035	0.033	0.000	0.011	0.000	0.080
0.037	0.025	0.001	0.013	0.000	0.075
0.044	0.011	0.000	0.012	0.000	0.067
0.033	0.028	0.000	0.010	0.000	0.072
0.038	0.066	0.001	0.015	0.000	0.118
0.037	0.036	0.000	0.012	0.000	0.085
0.035	0.036	0.000	0.007	0.000	0.077
0.010	0.032	0.000	0.012	0.044	0.099
0.060	0.027	0.036	0.010	0.000	0.133
0.070	0.025	0.001	0.014	0.000	0.109
0.048	0.072	0.000	0.010	0.000	0.130
0.085	0.035	0.000	0.013	0.000	0.133
0.032	0.030	0.000	0.012	0.000	0.075
0.071	0.034	0.048	0.012	0.000	0.164
0.032	0.063	0.000	0.011	0.000	0.107
0.036	0.082	0.000	0.009	0.000	0.128
0.031	0.074	0.050	0.007	0.000	0.161
0.062	0.082	0.041	0.013	0.000	0.198
0.064	0.073	0.046	0.010	0.000	0.194
0.058	0.039	0.000	0.012	0.000	0.109
0.072	0.022	0.000	0.011	0.000	0.105
0.110	0.030	0.000	0.010	0.000	0.150
0.035	0.027	0.000	0.008	0.000	0.071
0.029	0.045	0.000	0.008	0.000	0.082
0.045	0.031	0.000	0.013	0.000	0.089
0.036	0.034	0.000	0.011	0.000	0.082
0.037	0.030	0.000	0.015	0.000	0.082
0.041	0.030	0.001	0.012	0.032	0.116
0.022	0.075	0.000	0.015	0.000	0.112
0.025	0.039	0.000	0.014	0.000	0.078
0.046	0.026	0.000	0.012	0.000	0.084
0.032	0.030	0.000	0.010	0.000	0.073
0.041	0.075	0.000	0.007	0.000	0.123
0.018	0.075	0.000	0.011	0.000	0.104
0.045	0.042	0.000	0.009	0.000	0.097
0.036	0.032	0.000	0.012	0.000	0.081
0.021	0.040	0.000	0.011	0.000	0.072
0.035	0.034	0.000	0.013	0.000	0.083
0.038	0.027	0.000	0.012	0.000	0.077
0.063	0.095	0.000	0.013	0.000	0.171
0.035	0.025	0.000	0.011	0.000	0.072
0.033	0.028	0.000	0.012	0.000	0.074
0.039	0.037	0.000	0.013	0.000	0.089
0.037	0.022	0.042	0.008	0.000	0.108
0.030	0.043	0.000	0.015	0.000	0.089
0.050	0.010	0.044	0.010	0.000	0.113
0.032	0.036	0.000	0.015	0.000	0.084
0.049	0.011	0.049	0.010	0.054	0.173
0.041	0.083	0.000	0.011	0.000	0.135
0.024	0.051	0.000	0.009	0.000	0.083
0.028	0.040	0.000	0.016	0.000	0.085
0.065	0.042	0.000	0.010	0.000	0.116
0.066	2.024	0.000	0.008	0.000	2.100
0.023	0.019	0.000	0.013	0.000	0.055
0.017	0.007	0.000	0.013	0.000	0.037
0.020	0.018	0.000	0.014	0.000	0.053
0.017	0.012	0.000	0.009	0.000	0.038
0.024	0.053	0.001	0.013	0.000	0.091
0.022	0.032	0.000	0.013	0.000	0.067
0.023	0.098	0.001	0.013	0.000	0.135
0.013	0.063	0.054	0.013	0.000	0.143
0.038	0.032	0.000	0.011	0.000	0.081
0.012	0.022	0.002	0.013	0.000	0.049
0.057	0.030	0.000	0.012	0.000	0.100
0.038	0.040	0.000	0.012	0.000	0.091
0.035	0.067	0.000	0.007	0.000	0.110
0.041	0.058	0.046	0.010	0.000	0.155
0.034	0.052	0.001	0.013	0.029	0.129
0.019	0.024	0.000	0.011	0.000	0.054
0.041	0.024	0.000	0.011	0.000	0.075
0.045	0.032	0.000	0.012	0.000	0.090
0.032	0.023	0.000	0.011	0.000	0.067
0.109	0.055	0.000	0.011	0.000	0.175
0.019	0.024	0.000	0.013	0.000	0.056
0.039	0.033	0.001	0.013	0.000	0.086
0.104	0.055	0.001	0.013	0.000	0.173
0.040	0.008	0.000	0.011	0.000	0.059
0.128	0.026	0.001	0.013	0.000	0.168
0.046	0.022	0.000	0.012	0.000	0.081
0.035	0.026	0.001	0.012	0.000	0.073
0.038	0.031	0.000	0.010	0.000	0.079
0.129	0.031	0.001	0.014	0.000	0.174
0.040	0.022	0.000	0.010	0.000	0.073
0.064	0.037	0.000	0.015	0.000	0.116
0.044	0.022	0.000	0.008	0.000	0.074
0.044	0.026	0.000	0.015	0.000	0.085
0.047	0.033	0.001	0.008	0.000	0.088
0.031	0.022	0.000	0.012	0.034	0.100
0.017	0.026	0.001	0.013	0.000	0.057
0.020	0.031	0.000	0.011	0.000	0.063
0.067	0.046	0.000	0.014	0.000	0.127
0.036	0.028	0.000	0.011	0.000	0.075
0.041	0.024	0.000	0.014	0.000	0.079
0.038	0.025	0.000	0.012	0.000	0.076
0.032	0.051	0.000	0.009	0.000	0.093
0.026	0.035	0.001	0.013	0.000	0.075
0.044	0.022	0.000	0.008	0.000	0.075
0.120	0.028	0.000	0.011	0.000	0.160
0.111	0.058	0.046	0.013	0.000	0.227
0.038	0.042	0.001	0.011	0.000	0.092
0.034	0.026	0.000	0.011	0.000	0.071
0.035	0.072	0.000	0.009	0.000	0.117
0.019	0.032	0.000	0.014	0.000	0.066
0.041	0.107	0.000	0.010	0.000	0.158
0.031	0.019	0.000	0.008	0.000	0.059
0.037	0.033	0.000	0.009	0.000	0.079
0.125	0.037	0.000	0.012	0.000	0.174
0.052	0.051	0.000	0.010	0.029	0.142
0.084	0.051	0.001	0.014	0.000	0.149
0.050	0.032	0.000	0.009	0.000	0.092
0.037	0.032	0.001	0.014	0.000	0.084
0.036	0.031	0.000	0.010	0.000	0.078
0.033	0.031	0.001	0.009	0.000	0.074
0.034	0.039	0.000	0.014	0.000	0.087
0.035	0.034	0.000	0.007	0.000	0.076
0.029	0.091	0.000	0.007	0.000	0.127
0.034	0.024	0.000	0.013	0.000	0.073
0.127	0.027	0.001	0.014	0.000	0.168
0.041	0.032	0.000	0.011	0.000	0.084
0.045	0.067	0.000	0.017	0.000	0.129
0.024	0.027	0.000	0.013	0.000	0.065
0.039	0.026	0.000	0.009	0.000	0.075
0.049	0.023	0.000	0.010	0.000	0.082
0.044	0.025	0.000	0.013	0.000	0.083
0.036	0.030	0.000	0.008	0.000	0.075
0.033	0.048	0.000	0.009	0.000	0.091
0.045	0.084	0.000	0.011	0.000	0.141
0.024	0.061	0.001	0.011	0.049	0.146
0.061	0.022	0.000	0.010	0.000	0.093
0.088	0.023	0.000	0.012	0.000	0.124
0.046	0.031	0.000	0.010	0.000	0.088
0.045	0.059	0.000	0.013	0.000	0.117
0.027	0.027	0.000	0.012	0.000	0.065
0.041	0.033	0.000	0.010	0.000	0.084
0.035	0.049	0.000	0.007	0.000	0.091
0.044	0.021	0.000	0.008	0.000	0.074
0.033	0.023	0.000	0.008	0.000	0.065
0.034	0.058	0.000	0.010	0.000	0.102
0.034	0.034	0.001	0.014	0.000	0.082
0.040	0.010	0.000	0.012	0.000	0.062
0.082	0.021	0.000	0.011	0.000	0.114
0.042	0.031	0.001	0.011	0.000	0.084
0.035	0.029	0.000	0.010	0.000	0.075
0.034	0.073	0.001	0.013	0.000	0.121
0.082	0.020	0.000	0.012	0.000	0.114
0.107	0.057	0.000	0.008	0.000	0.174
0.033	0.021	0.000	0.008	0.000	0.063
0.083	0.029	0.000	0.012	0.031	0.156
0.011	0.023	0.000	0.010	0.000	0.044
0.035	0.074	0.001	0.013	0.000	0.123
0.024	0.059	0.000	0.008	0.000	0.091
0.099	0.057	0.000	0.012	0.000	0.168
0.035	0.031	0.000	0.011	0.000	0.077
0.035	0.021	0.000	0.009	0.000	0.066
0.036	0.030	0.000	0.011	0.000	0.078
0.110	0.051	0.000	0.009	0.000	0.169
0.035	0.028	0.001	0.013	0.000	0.076
0.039	0.029	0.000	0.011	0.000	0.080
0.045	0.025	0.000	0.019	0.000	0.088
0.042	0.052	0.000	0.011	0.000	0.105
0.013	0.011	0.000	0.012	0.000	0.036
0.050	0.024	0.000	0.014	0.000	0.089
0.036	0.026	0.000	0.012	0.000	0.074
0.036	0.031	0.000	0.011	0.000	0.079
0.031	0.033	0.000	0.013	0.000	0.078
0.038	0.028	0.001	0.013	0.000	0.080
0.037	0.027	0.000	0.008	0.000	0.073
0.085	0.026	0.000	0.008	0.029	0.149
0.018	0.033	0.000	0.011	0.000	0.063
0.033	0.024	0.000	0.009	0.000	0.067
0.036	0.051	0.000	0.013	0.000	0.100
0.049	0.043	0.000	0.011	0.000	0.103
0.109	0.072	0.000	0.011	0.000	0.192
0.020	0.016	0.000	0.013	0.000	0.049
0.086	0.023	0.000	0.012	0.000	0.122
0.047	0.026	0.001	0.011	0.000	0.085
0.032	0.021	0.000	0.009	0.000	0.063
0.111	0.062	0.000	0.007	0.000	0.180
0.035	0.022	0.000	0.009	0.000	0.067
0.044	0.027	0.000	0.009	0.000	0.080
0.111	0.032	0.001	0.012	0.000	0.155
0.040	0.028	0.001	0.011	0.000	0.080
0.109	0.058	0.041	0.012	0.000	0.219
0.064	0.022	0.000	0.010	0.000	0.096
0.040	0.032	0.000	0.009	0.000	0.082
0.085	0.020	0.000	0.006	0.000	0.112
0.033	0.071	0.001	0.010	0.000	0.114
0.032	0.058	0.000	0.011	0.038	0.139
0.094	0.055	0.000	0.010	0.000	0.159
0.098	0.055	0.000	0.013	0.000	0.167
0.106	0.027	0.000	0.012	0.000	0.145
0.040	0.026	0.000	0.014	0.000	0.081
0.109	0.053	0.000	0.008	0.000	0.169
0.048	0.066	0.000	0.009	0.000	0.123
0.035	0.023	0.000	0.011	0.000	0.070
0.088	0.024	0.000	0.013	0.000	0.125
0.110	0.027	0.000	0.012	0.000	0.150
0.043	0.031	0.000	0.012	0.000	0.086
0.050	0.122	0.001	0.012	0.000	0.185
0.024	0.025	0.000	0.012	0.000	0.061
0.035	0.021	0.000	0.010	0.000	0.067
0.030	0.097	0.000	0.011	0.000	0.139
0.033	0.021	0.000	0.009	0.000	0.064
0.035	0.022	0.000	0.009	0.000	0.066
0.050	0.034	0.000	0.013	0.000	0.097
0.036	0.025	0.001	0.011	0.000	0.072
0.037	0.024	0.001	0.012	0.000	0.074
0.054	0.029	0.000	0.013	0.035	0.132
0.079	0.026	0.001	0.013	0.000	0.119
0.035	0.029	0.000	0.011	0.000	0.076
0.046	0.029	0.000	0.010	0.000	0.085
0.041	0.031	0.000	0.014	0.000	0.086
0.045	0.072	0.000	0.007	0.000	0.124
0.015	0.024	0.000	0.007	0.000	0.046
0.040	0.025	0.000	0.012	0.000	0.078
0.031	0.098	0.000	0.013	0.000	0.143
0.045	0.085	0.000	0.011	0.000	0.141
0.025	0.046	0.000	0.019	0.000	0.090
0.039	0.026	0.000	0.013	0.000	0.077
0.030	0.072	0.000	0.010	0.000	0.113
0.025	0.074	0.000	0.011	0.000	0.111
0.033	0.044	0.000	0.008	0.000	0.085
0.036	0.042	0.000	0.008	0.000	0.086
0.044	0.031	0.000	0.008	0.000	0.083
0.123	0.039	0.001	0.012	0.000	0.175
0.037	0.094	0.000	0.014	0.000	0.146
0.070	0.098	0.000	0.009	0.000	0.178
0.033	0.025	0.000	0.013	0.028	0.099
0.013	0.103	0.000	0.012	0.000	0.128
0.041	0.012	0.000	0.011	0.000	0.064
0.023	0.039	0.000	0.008	0.000	0.071
0.060	0.021	0.000	0.008	0.000	0.089
0.130	0.020	0.000	0.006	0.000	0.157
0.068	0.055	0.000	0.012	0.000	0.136
0.013	0.050	0.000	0.011	0.000	0.074
0.047	0.023	0.000	0.013	0.000	0.083
0.041	0.031	0.001	0.014	0.000	0.087
0.038	0.068	0.000	0.010	0.000	0.116
0.106	0.020	0.000	0.011	0.000	0.138
0.034	0.031	0.000	0.009	0.000	0.075
0.039	0.039	0.001	0.011	0.000	0.090
0.011	0.016	0.000	0.007	0.000	0.034
0.045	0.027	0.000	0.009	0.000	0.082
0.039	0.026	0.000	0.011	0.000	0.076
0.023	0.061	0.000	0.010	0.000	0.095
0.102	0.054	0.000	0.009	0.000	0.166
0.031	0.024	0.000	0.011	0.000	0.066
0.034	0.032	0.002	0.013	0.031	0.111
0.028	0.092	0.000	0.010	0.000	0.130
0.052	0.013	0.000	0.011	0.000	0.076
0.064	0.038	0.000	0.009	0.000	0.112
0.065	0.041	0.000	0.009	0.000	0.115
0.042	0.093	0.000	0.016	0.000	0.152
0.038	0.074	0.000	0.011	0.000	0.124
0.022	0.027	0.000	0.012	0.000	0.061
0.036	0.031	0.001	0.015	0.000	0.083
0.037	0.078	0.000	0.010	0.000	0.125
0.039	0.073	0.000	0.013	0.000	0.125
0.041	0.075	0.000	0.010	0.000	0.125
0.032	0.079	0.000	0.009	0.000	0.120
0.021	0.023	0.000	0.009	0.000	0.054
0.030	0.038	0.000	0.008	0.000	0.077
0.054	0.081	0.000	0.010	0.000	0.146
0.032	0.097	0.000	0.011	0.000	0.140
0.036	0.025	0.000	0.011	0.000	0.072
0.064	0.040	0.000	0.014	0.000	0.119
0.035	0.035	0.001	0.012	0.000	0.082
0.037	0.025	0.000	0.011	0.031	0.104
0.034	0.121	0.000	0.007	0.000	0.162
0.027	0.109	0.046	0.010	0.000	0.192
0.067	0.021	0.000	0.010	0.000	0.098
0.049	0.022	0.000	0.012	0.000	0.083
0.039	0.025	0.000	0.010	0.000	0.074
0.126	0.051	0.000	0.013	0.000	0.190
0.033	0.073	0.000	0.011	0.000	0.118
0.039	0.074	0.000	0.012	0.000	0.126
0.014	0.021	0.001	0.009	0.000	0.045
0.057	0.094	0.000	0.009	0.000	0.160
0.022	0.035	0.000	0.009	0.000	0.065
0.061	0.021	0.000	0.010	0.000	0.093
0.048	0.030	0.000	0.013	0.000	0.092
0.032	0.024	0.000	0.011	0.000	0.067
0.068	0.034	0.000	0.013	0.000	0.116
0.034	0.031	0.000	0.015	0.000	0.081
0.065	0.097	0.000	0.012	0.000	0.174
0.024	0.027	0.001	0.011	0.000	0.063
0.065	0.043	0.000	0.014	0.000	0.122
0.066	0.095	0.000	0.008	0.031	0.200
0.050	0.024	0.000	0.011	0.000	0.086
0.022	0.028	0.000	0.010	0.000	0.061
0.100	0.021	0.000	0.013	0.000	0.134
0.039	0.036	0.001	0.010	0.000	0.086
0.031	0.020	0.000	0.011	0.000	0.062
0.087	0.021	0.000	0.012	0.000	0.120
0.037	0.029	0.000	0.011	0.000	0.077
0.032	0.071	0.001	0.013	0.000	0.116
0.034	0.072	0.000	0.010	0.000	0.116
0.036	0.093	0.000	0.011	0.000	0.140
0.033	0.026	0.001	0.010	0.000	0.070
0.127	0.025	0.001	0.012	0.000	0.165
0.048	0.024	0.000	0.010	0.000	0.083
0.120	0.030	0.000	0.012	0.000	0.163
0.039	0.024	0.000	0.011	0.000	0.074
0.028	0.028	0.000	0.011	0.000	0.067
0.112	0.054	0.000	0.008	0.000	0.175
0.097	0.056	0.000	0.008	0.000	0.161
0.104	0.046	0.000	0.011	0.000	0.162
0.031	0.034	0.002	0.015	0.032	0.114
0.038	0.023	0.000	0.012	0.000	0.074
0.048	0.030	0.000	0.013	0.000	0.092
0.038	0.065	0.000	0.011	0.000	0.114
0.022	0.050	0.000	0.009	0.000	0.082
0.065	0.023	0.000	0.010	0.000	0.098
0.033	0.073	0.000	0.007	0.000	0.112
0.028	0.022	0.000	0.008	0.000	0.058
0.084	0.020	0.000	0.007	0.000	0.112
0.032	0.074	0.000	0.011	0.000	0.118
0.014	0.021	0.001	0.010	0.000	0.046
0.043	0.024	0.000	0.013	0.000	0.081
0.069	0.035	0.000	0.014	0.000	0.118
0.032	0.030	0.000	0.011	0.000	0.074
0.021	0.078	0.000	0.011	0.000	0.109
0.036	0.046	0.000	0.011	0.000	0.093
0.091	0.024	0.000	0.014	0.000	0.130
0.034	0.025	0.000	0.009	0.000	0.069
0.052	0.020	0.000	0.009	0.000	0.081
0.065	0.042	0.000	0.013	0.000	0.121
0.088	0.020	0.000	0.010	0.037	0.156
0.026	0.075	0.000	0.010	0.000	0.111
0.021	0.022	0.000	0.011	0.000	0.055
0.047	0.035	0.001	0.013	0.000	0.096
0.036	0.096	0.000	0.013	0.000	0.146
0.034	0.027	0.000	0.014	0.000	0.075
0.048	0.023	0.000	0.012	0.000	0.083
0.123	0.021	0.000	0.008	0.000	0.152
0.042	0.025	0.000	0.007	0.000	0.074
0.033	0.050	0.000	0.016	0.000	0.099
0.041	0.056	0.000	0.009	0.000	0.106
0.102	0.056	0.000	0.012	0.000	0.171
0.021	0.034	0.000	0.011	0.000	0.068
0.087	0.022	0.000	0.012	0.000	0.121
0.042	0.032	0.000	0.012	0.000	0.086
0.033	0.022	0.000	0.008	0.000	0.064
0.032	0.041	0.000	0.010	0.000	0.083
0.066	0.096	0.000	0.008	0.000	0.171
0.038	0.025	0.001	0.012	0.000	0.076
0.047	0.025	0.000	0.010	0.000	0.083
0.034	0.021	0.000	0.011	0.032	0.099
0.090	0.020	0.000	0.012	0.000	0.123
0.123	0.027	0.000	0.013	0.000	0.163
0.110	0.052	0.000	0.014	0.000	0.177
0.042	0.079	0.000	0.010	0.000	0.130
0.034	0.100	0.000	0.010	0.000	0.144
0.041	0.020	0.000	0.010	0.000	0.072
0.045	0.022	0.000	0.014	0.000	0.082
0.129	0.009	0.000	0.011	0.000	0.150
0.129	0.029	0.000	0.011	0.000	0.169
0.035	0.025	0.000	0.009	0.000	0.069
0.037	0.035	0.000	0.011	0.000	0.083
0.109	0.055	0.001	0.016	0.000	0.181
0.024	0.025	0.001	0.010	0.000	0.059
0.033	0.072	0.000	0.008	0.000	0.114
0.019	0.013	0.000	0.006	0.000	0.038
0.035	0.073	0.000	0.008	0.000	0.117
0.020	0.024	0.000	0.011	0.000	0.055
0.041	0.023	0.001	0.017	0.000	0.083
0.037	0.031	0.001	0.013	0.000	0.082
0.036	0.022	0.000	0.012	0.027	0.097
0.017	0.022	0.000	0.010	0.000	0.049
0.043	0.042	0.000	0.013	0.000	0.098
0.026	0.028	0.000	0.011	0.000	0.066
0.039	0.023	0.001	0.012	0.000	0.075
0.068	0.094	0.000	0.008	0.000	0.171
0.055	0.040	0.000	0.009	0.000	0.104
0.032	0.030	0.000	0.011	0.000	0.074
0.033	0.053	0.000	0.012	0.000	0.098
0.043	0.029	0.000	0.011	0.000	0.084
0.044	0.108	0.000	0.013	0.000	0.165
0.035	0.013	0.000	0.011	0.000	0.059
0.014	0.019	0.000	0.013	0.000	0.046
0.086	0.024	0.001	0.012	0.000	0.124
0.109	0.020	0.000	0.009	0.000	0.138
0.030	0.052	0.000	0.013	0.000	0.096
0.043	0.025	0.000	0.006	0.000	0.076
0.031	0.071	0.000	0.012	0.000	0.115
0.034	0.035	0.001	0.013	0.000	0.082
0.031	0.027	0.000	0.012	0.000	0.071
0.022	0.014	0.001	0.013	0.031	0.080
0.016	0.011	0.001	0.014	0.000	0.042
0.128	0.022	0.001	0.014	0.000	0.164
0.051	0.032	0.000	0.013	0.000	0.097
0.034	0.022	0.000	0.011	0.000	0.068
0.037	0.033	0.000	0.012	0.000	0.083
0.040	0.025	0.000	0.010	0.000	0.075
0.037	0.026	0.000	0.008	0.000	0.071
0.030	0.074	0.000	0.008	0.000	0.112
0.018	0.012	0.000	0.009	0.000	0.039
0.022	0.028	0.000	0.012	0.000	0.063
0.041	0.020	0.000	0.011	0.000	0.073
0.047	0.084	0.000	0.009	0.000	0.140
0.034	0.039	0.001	0.013	0.000	0.087
0.039	0.056	0.000	0.013	0.000	0.108
0.025	0.014	0.000	0.012	0.000	0.051
0.036	0.027	0.000	0.010	0.000	0.074
0.036	0.037	0.000	0.013	0.000	0.087
0.037	0.033	0.000	0.007	0.000	0.077
0.027	0.077	0.001	0.010	0.000	0.115
0.023	0.012	0.000	0.011	0.089	0.135
